# mx [GeV]: 0.0006
# sigma_p [cm^2]: 2.5e-30
# depth [m]: 1700.0
# loc: MOD
# Columns: gamma/pi, v [km/s], f(v, gamma) [s/km], f[with reflection](v, gamma) [s/km]
1.000000000000000021e-03 1.980000000000000071e+01 2.739629134269353777e-05 2.018059583015650342e-10
1.000000000000000021e-03 2.000000000000000000e+01 2.795132655286136826e-05 2.141221542157699552e-10
1.000000000000000021e-03 2.191988631588277769e+01 3.356038731121016664e-05 3.660780694337839378e-10
1.000000000000000021e-03 2.402407080506123904e+01 4.029136778506290712e-05 6.249241056919780805e-10
1.000000000000000021e-03 2.633024504458304094e+01 4.836700819938114892e-05 1.065225182628123914e-09
1.000000000000000021e-03 2.885779890232979028e+01 5.805349953532445642e-05 1.812924972933836952e-09
1.000000000000000021e-03 3.162798356328378802e+01 6.966859375517029957e-05 3.078435430893299311e-09
1.000000000000000021e-03 3.466409020538948482e+01 8.359103723632019430e-05 5.215651433357727356e-09
1.000000000000000021e-03 3.799164582728213446e+01 1.002714532485119808e-04 8.813914405328743387e-09
1.000000000000000021e-03 4.163862787436533353e+01 1.202447242889075052e-04 1.485124218916328006e-08
1.000000000000000021e-03 4.563569946777176511e+01 1.441438232717272717e-04 2.494176738106223712e-08
1.000000000000000021e-03 5.001646721396746642e+01 1.727148314235442698e-04 4.173174970809869445e-08
1.000000000000000021e-03 5.481776376261224470e+01 2.068325104009067345e-04 6.952854546799018069e-08
1.000000000000000021e-03 6.007995748836891892e+01 2.475151772137367044e-04 1.152807648416782723e-07
1.000000000000000021e-03 6.584729190040580704e+01 2.959365591071810788e-04 1.900864513802714121e-07
1.000000000000000021e-03 6.847609398648837953e+01 3.192975718844768564e-04 2.349053167736219579e-07
1.000000000000000021e-03 7.216825763328219523e+01 3.534305730085477381e-04 3.114541804499715579e-07
1.000000000000000021e-03 7.555982784715959610e+01 3.861079689995473851e-04 3.978078651585967792e-07
1.000000000000000021e-03 7.909600014684426128e+01 4.214820725369455671e-04 5.066104559415525772e-07
1.000000000000000021e-03 8.264356170783079847e+01 4.582568560269312361e-04 6.375974639522854205e-07
1.000000000000000021e-03 8.668876656299367767e+01 5.016919852935442002e-04 8.171561019624806635e-07
1.000000000000000021e-03 8.972729556850201504e+01 5.353189598337986096e-04 9.756264080710183145e-07
1.000000000000000021e-03 9.501039539624602526e+01 5.956979298123529385e-04 1.305295381182599864e-06
1.000000000000000021e-03 9.681102942917323162e+01 6.167975344473873708e-04 1.434792400771019968e-06
1.000000000000000021e-03 1.038947632898444340e+02 6.935839322115172926e-04 2.038643682124599088e-06
1.000000000000000021e-03 1.041308532956391986e+02 6.938234061630160765e-04 2.061527345115576443e-06
1.000000000000000021e-03 1.109784971505156506e+02 7.425856283004997685e-04 2.810301607403486280e-06
1.000000000000000021e-03 1.141268233108139754e+02 7.658939145364032251e-04 3.212926455178083294e-06
1.000000000000000021e-03 1.180622310111868671e+02 7.902248680191368896e-04 3.771589459359298679e-06
1.000000000000000021e-03 1.251459648718580695e+02 8.173592814898913246e-04 4.941534678238339660e-06
1.000000000000000021e-03 1.322296987325293003e+02 8.569392213269549485e-04 6.335778220902694607e-06
1.000000000000000021e-03 1.393134325932005027e+02 8.791366825123335220e-04 7.964689330230378771e-06
1.000000000000000021e-03 1.463971664538717050e+02 9.054262715678189875e-04 9.833410173748529902e-06
1.000000000000000021e-03 1.534809003145429074e+02 9.125876811123691647e-04 1.193998440167550421e-05
1.000000000000000021e-03 1.605646341752141382e+02 9.184602069720052475e-04 1.427609954727119850e-05
1.000000000000000021e-03 1.676483680358853690e+02 9.378685829248103231e-04 1.682646544243846106e-05
1.000000000000000021e-03 1.747321018965565713e+02 9.358882399142709127e-04 1.956698030033139076e-05
1.000000000000000021e-03 1.818158357572277737e+02 9.151542994957671080e-04 2.246736550640873601e-05
1.000000000000000021e-03 1.888995696178989760e+02 9.110944090336918879e-04 2.549304819443627007e-05
1.000000000000000021e-03 1.959833034785701784e+02 8.875855180494908719e-04 2.860027520141087846e-05
1.000000000000000021e-03 2.030670373392414376e+02 8.452818786397511526e-04 3.174231099060039347e-05
1.000000000000000021e-03 2.101507711999126400e+02 8.255462617567181074e-04 3.487391094084969881e-05
1.000000000000000021e-03 2.172345050605838424e+02 7.837672638613980012e-04 3.793986922389622668e-05
1.000000000000000021e-03 2.243182389212550447e+02 7.784527107475348352e-04 4.089790430406587264e-05
1.000000000000000021e-03 2.314019727819262471e+02 7.197719458327523061e-04 4.368450694866131688e-05
1.000000000000000021e-03 2.384857066425974494e+02 6.709856438429245319e-04 4.626326381445921123e-05
1.000000000000000021e-03 2.455694405032687087e+02 6.332299075725960876e-04 4.859406459826982405e-05
1.000000000000000021e-03 2.526531743639399110e+02 6.166563375122294677e-04 5.064596326864368348e-05
1.000000000000000021e-03 2.597369082246111134e+02 5.634156566132950388e-04 5.236981725850072114e-05
1.000000000000000021e-03 2.668206420852823157e+02 5.437561180968344520e-04 5.376960375328864225e-05
1.000000000000000021e-03 2.739043759459535181e+02 4.872663911597227017e-04 5.479846079558343876e-05
1.000000000000000021e-03 2.784694488783861175e+02 4.738959167687529822e-04 5.528340084277596968e-05
1.000000000000000021e-03 2.822565168280785883e+02 4.349333953044151016e-04 5.555334942188968543e-05
1.000000000000000021e-03 2.860435847777710023e+02 4.240131531474469750e-04 5.573937874152971850e-05
1.000000000000000021e-03 2.898306527274634732e+02 4.128813854174478277e-04 5.582435460676688947e-05
1.000000000000000021e-03 2.936177206771559440e+02 3.884454832403626138e-04 5.579809679980980946e-05
1.000000000000000021e-03 2.974047886268484149e+02 3.774170608330010258e-04 5.568582379007646401e-05
1.000000000000000021e-03 3.011918565765408289e+02 3.510877986049943441e-04 5.546256943458197829e-05
1.000000000000000021e-03 3.049789245262332997e+02 3.404132639191794472e-04 5.516324206622247463e-05
1.000000000000000021e-03 3.087659924759257706e+02 3.210349656679982455e-04 5.476468049364764353e-05
1.000000000000000021e-03 3.125530604256182414e+02 3.105489719687271380e-04 5.423780945943559926e-05
1.000000000000000021e-03 3.163401283753106554e+02 2.994482216105211767e-04 5.318347286256707075e-05
1.000000000000000021e-03 3.201271963250031263e+02 2.701450502556351665e-04 5.202033492808599109e-05
1.000000000000000021e-03 3.239142642746955971e+02 2.601127744308075196e-04 5.091253393086663166e-05
1.000000000000000021e-03 3.277013322243880680e+02 2.500946463059635218e-04 4.965821249435834302e-05
1.000000000000000021e-03 3.314884001740804820e+02 2.401497305600786263e-04 4.829865095317953372e-05
1.000000000000000021e-03 3.352754681237729528e+02 2.041577191973474863e-04 4.700084265156505195e-05
1.000000000000000021e-03 3.390625360734654237e+02 2.055149247467042990e-04 4.542366644176967837e-05
1.000000000000000021e-03 3.428496040231578945e+02 1.966442837104264590e-04 4.382495427376820651e-05
1.000000000000000021e-03 3.466366719728503085e+02 1.881873228502254280e-04 4.244988324664192850e-05
1.000000000000000021e-03 3.504237399225427794e+02 1.650207582821562927e-04 4.121418033414508665e-05
1.000000000000000021e-03 3.542108078722352502e+02 1.604081870992036564e-04 3.959604306110381432e-05
1.000000000000000021e-03 3.579978758219276642e+02 1.525375218646064400e-04 3.768728544912875752e-05
1.000000000000000021e-03 3.617849437716201351e+02 1.456722841750674401e-04 3.655504049031263898e-05
1.000000000000000021e-03 3.655720117213126059e+02 1.300780787215802497e-04 3.498228791749693703e-05
1.000000000000000021e-03 3.693590796710050768e+02 1.239534758847758646e-04 3.376904336252767454e-05
1.000000000000000021e-03 3.731461476206975476e+02 1.176263149440627878e-04 3.220527301920241405e-05
1.000000000000000021e-03 3.769332155703899616e+02 1.021946145686080851e-04 3.030260505654062546e-05
1.000000000000000021e-03 3.807202835200824325e+02 9.909074139129942838e-05 2.903839233754035718e-05
1.000000000000000021e-03 3.845073514697749033e+02 9.352084788666289756e-05 2.737019933253197039e-05
1.000000000000000021e-03 3.882944194194673173e+02 8.349091636611751053e-05 2.565736077598200753e-05
1.000000000000000021e-03 3.920814873691597882e+02 7.924843776213907648e-05 2.469080335958684391e-05
1.000000000000000021e-03 3.958685553188522590e+02 7.527583519104731656e-05 2.304721213595499645e-05
1.000000000000000021e-03 3.996556232685447299e+02 6.662348170694557458e-05 2.170223023480212634e-05
1.000000000000000021e-03 4.034426912182372007e+02 6.038350216599110284e-05 1.999374386757578895e-05
1.000000000000000021e-03 4.072297591679296147e+02 5.737433933013547939e-05 1.938376041678205981e-05
1.000000000000000021e-03 4.110168271176220856e+02 5.089411805876457807e-05 1.753943883649977485e-05
1.000000000000000021e-03 4.148038950673145564e+02 4.705809024556203621e-05 1.589370662093866736e-05
1.000000000000000021e-03 4.185909630170069704e+02 4.244104173440614878e-05 1.536380701999696320e-05
1.000000000000000021e-03 4.223780309666994413e+02 3.761325131265691717e-05 1.425767324563223823e-05
1.000000000000000021e-03 4.261650989163919121e+02 3.412365591523446485e-05 1.258752827509048636e-05
1.000000000000000021e-03 4.299521668660843261e+02 3.051645465878578275e-05 1.213182241854890471e-05
1.000000000000000021e-03 4.337392348157768538e+02 2.630974298171346752e-05 1.056656570427323745e-05
1.000000000000000021e-03 4.375263027654692678e+02 2.250222537644247311e-05 9.341449612599586687e-06
1.000000000000000021e-03 4.413133707151617386e+02 1.920408580456121124e-05 8.529567140607969181e-06
1.000000000000000021e-03 4.451004386648542095e+02 1.492362517210030562e-05 6.796364989686842716e-06
1.000000000000000021e-03 4.488875066145466235e+02 1.261302511368831266e-05 6.447836592936232383e-06
1.000000000000000021e-03 4.526745745642390943e+02 8.484752720225205810e-06 4.660835345201918374e-06
1.000000000000000021e-03 4.564616425139315652e+02 6.307943964373914664e-07 3.635635703123335401e-07
1.000000000000000021e-03 4.565072932432559014e+02 0.000000000000000000e+00 0.000000000000000000e+00
5.000000000000000000e-01 1.980000000000000071e+01 2.739632059662335900e-05 2.291993403616307504e-10
5.000000000000000000e-01 2.000000000000000000e+01 2.795135795251621035e-05 2.435095593631104511e-10
5.000000000000000000e-01 2.250968767246988023e+01 3.538567756383287469e-05 4.943732881389004844e-10
5.000000000000000000e-01 2.533430195560713472e+01 4.479018644732931271e-05 1.003248081372945233e-09
5.000000000000000000e-01 2.851336122103797166e+01 5.668258495684305877e-05 2.036180099379913902e-09
5.000000000000000000e-01 3.209134277889395293e+01 7.171382195399997632e-05 4.130227412028393228e-09
5.000000000000000000e-01 3.611830514715374107e+01 9.070058107170066641e-05 8.373368287030517594e-09
5.000000000000000000e-01 4.065058840606959478e+01 1.146644606649045771e-04 1.696400691161581225e-08
5.000000000000000000e-01 4.575160243613758837e+01 1.448783086392810206e-04 3.433747122607889012e-08
5.000000000000000000e-01 5.149271406762345293e+01 1.829193846684279987e-04 6.942363591688484234e-08
5.000000000000000000e-01 5.795424555350003004e+01 2.307273598792392174e-04 1.401505848505603053e-07
5.000000000000000000e-01 6.522659833514559580e+01 2.906619185282830029e-04 2.823814738935942568e-07
5.000000000000000000e-01 7.341151782308858742e+01 3.631966941267866854e-04 5.674999089858857380e-07
5.000000000000000000e-01 8.262351688798399607e+01 4.491855682603520259e-04 1.136660522506904964e-06
5.000000000000000000e-01 9.299147797747799871e+01 5.549000475253844421e-04 2.266479221224363923e-06
5.000000000000000000e-01 1.046604562737195323e+02 6.796177353255008829e-04 4.492277629355827759e-06
5.000000000000000000e-01 1.134047488960362386e+02 7.764479267777847117e-04 7.115522986319442433e-06
5.000000000000000000e-01 1.177937091189808569e+02 8.253394347661859639e-04 8.831989208195547848e-06
5.000000000000000000e-01 1.251362746439020555e+02 9.098567111821576634e-04 1.243020326491637784e-05
5.000000000000000000e-01 1.325749801025013141e+02 1.001519675370859041e-03 1.717303983270319258e-05
5.000000000000000000e-01 1.368678003917678723e+02 1.045924822829597802e-03 2.049529843955117116e-05
5.000000000000000000e-01 1.485993261396336891e+02 1.183450618416529094e-03 3.216271981547151864e-05
5.000000000000000000e-01 1.492110697645607900e+02 1.191552745054920122e-03 3.288692421843118015e-05
5.000000000000000000e-01 1.603308518874995059e+02 1.321522799030440008e-03 4.834178453929978712e-05
5.000000000000000000e-01 1.679347288837688552e+02 1.411790400629475565e-03 6.166622106294465818e-05
5.000000000000000000e-01 1.720623776353653227e+02 1.449190540443682585e-03 6.993419972901046902e-05
5.000000000000000000e-01 1.837939033832311395e+02 1.572972956060284715e-03 9.775300538431590171e-05
5.000000000000000000e-01 1.890079148267270739e+02 1.635666033215940878e-03 1.122900832770445050e-04
5.000000000000000000e-01 1.955254291310969563e+02 1.699434827301417360e-03 1.324294640154904349e-04
5.000000000000000000e-01 2.072569548789627731e+02 1.808329445556162507e-03 1.743152168640166267e-04
5.000000000000000000e-01 2.189884806268285899e+02 1.896504227168414750e-03 2.233978268102584041e-04
5.000000000000000000e-01 2.307200063746944068e+02 1.985614357549164450e-03 2.792398727041597254e-04
5.000000000000000000e-01 2.424515321225602236e+02 2.053467652861339435e-03 3.409381310886739811e-04
5.000000000000000000e-01 2.541830578704260404e+02 2.118881659498020840e-03 4.071494657948950468e-04
5.000000000000000000e-01 2.659145836182918856e+02 2.140768240820682330e-03 4.761211606427784618e-04
5.000000000000000000e-01 2.776461093661577024e+02 2.188568609772317385e-03 5.458548249693468725e-04
5.000000000000000000e-01 2.893776351140235192e+02 2.170270318090080936e-03 6.141152548854529516e-04
5.000000000000000000e-01 3.011091608618893360e+02 2.155453130817226726e-03 6.787492577613204016e-04
5.000000000000000000e-01 3.128406866097551529e+02 2.138318256313265914e-03 7.377110497630354332e-04
5.000000000000000000e-01 3.245722123576209697e+02 2.082584488186500077e-03 7.889134281847573179e-04
5.000000000000000000e-01 3.363037381054867865e+02 2.011494778274985212e-03 8.310223999954164005e-04
5.000000000000000000e-01 3.480352638533526033e+02 1.952495363206953717e-03 8.632595225200147878e-04
5.000000000000000000e-01 3.597667896012184201e+02 1.864259892092015548e-03 8.849836154656286506e-04
5.000000000000000000e-01 3.714983153490842369e+02 1.784830668110442458e-03 8.962681785326384121e-04
5.000000000000000000e-01 3.832298410969500537e+02 1.689400671691377405e-03 8.972643822430508443e-04
5.000000000000000000e-01 3.949613668448158705e+02 1.587429012233915280e-03 8.885246468976054895e-04
5.000000000000000000e-01 4.066928925926816873e+02 1.485604188363071629e-03 8.708953488640296808e-04
5.000000000000000000e-01 4.184244183405475042e+02 1.385527588987164058e-03 8.453653972932801373e-04
5.000000000000000000e-01 4.301559440884133210e+02 1.275651911888132104e-03 8.128123847482290410e-04
5.000000000000000000e-01 4.418874698362791378e+02 1.175220483130349786e-03 7.746378315822369937e-04
5.000000000000000000e-01 4.536189955841449546e+02 1.064333093566547945e-03 7.315824638936606165e-04
5.000000000000000000e-01 4.611793121772140580e+02 1.006919593131315547e-03 7.023087931786332460e-04
5.000000000000000000e-01 4.674511577934643469e+02 9.561954861063506634e-04 6.770207933412749094e-04
5.000000000000000000e-01 4.737230034097146358e+02 9.064047193990829249e-04 6.511531500617072192e-04
5.000000000000000000e-01 4.799948490259649247e+02 8.576236400917750056e-04 6.248401981160990343e-04
5.000000000000000000e-01 4.862666946422152137e+02 8.061116215499991664e-04 5.980180290474090832e-04
5.000000000000000000e-01 4.925385402584655026e+02 7.602789748349498243e-04 5.712432242416042678e-04
5.000000000000000000e-01 4.988103858747157915e+02 7.157595495036640906e-04 5.444748827480177817e-04
5.000000000000000000e-01 5.050822314909660804e+02 6.726306670221070521e-04 5.178262312691600576e-04
5.000000000000000000e-01 5.113540771072163693e+02 6.240097057335357604e-04 4.908195404363923384e-04
5.000000000000000000e-01 5.176259227234666014e+02 5.886234746072271408e-04 4.651174748824271361e-04
5.000000000000000000e-01 5.238977683397168903e+02 5.502922147529838107e-04 4.394425864340781762e-04
5.000000000000000000e-01 5.301696139559671792e+02 5.135324787251705370e-04 4.143227528400232401e-04
5.000000000000000000e-01 5.364414595722174681e+02 4.759028684015331897e-04 3.894995163954851486e-04
5.000000000000000000e-01 5.427133051884677570e+02 4.432528171508161329e-04 3.657499645518684007e-04
5.000000000000000000e-01 5.489851508047180459e+02 4.114877125248549128e-04 3.426385905826380592e-04
5.000000000000000000e-01 5.552569964209683349e+02 3.812808020374778900e-04 3.203144284927175278e-04
5.000000000000000000e-01 5.615288420372186238e+02 3.515056639337570425e-04 2.985570659771783321e-04
5.000000000000000000e-01 5.678006876534689127e+02 3.245809493280846073e-04 2.779385517969166792e-04
5.000000000000000000e-01 5.740725332697192016e+02 2.992998409621109787e-04 2.581929689370221666e-04
5.000000000000000000e-01 5.803443788859694905e+02 2.742510544606432303e-04 2.390553451164082507e-04
5.000000000000000000e-01 5.866162245022197794e+02 2.517768525867503820e-04 2.210779156057828400e-04
5.000000000000000000e-01 5.928880701184700683e+02 2.301803042458149245e-04 2.038273841399234959e-04
5.000000000000000000e-01 5.991599157347203572e+02 2.105237283641287253e-04 1.877079972363098707e-04
5.000000000000000000e-01 6.054317613509706462e+02 1.915472900682767450e-04 1.722635858576707264e-04
5.000000000000000000e-01 6.117036069672209351e+02 1.744182748040874948e-04 1.578592970876049721e-04
5.000000000000000000e-01 6.179754525834712240e+02 1.578165488627662934e-04 1.440867923485785428e-04
5.000000000000000000e-01 6.242472981997215129e+02 1.428267711300127676e-04 1.313247297547613852e-04
5.000000000000000000e-01 6.305191438159718018e+02 1.288158645206409806e-04 1.193417244515904271e-04
5.000000000000000000e-01 6.367909894322220907e+02 1.162039356602408944e-04 1.082641918272502705e-04
5.000000000000000000e-01 6.430628350484723796e+02 1.041182281562894833e-04 9.777689229140097086e-05
5.000000000000000000e-01 6.493346806647226686e+02 9.325976312431509194e-05 8.813378735267010005e-05
5.000000000000000000e-01 6.556065262809729575e+02 8.289986880070446804e-05 7.902039177720151337e-05
5.000000000000000000e-01 6.618783718972232464e+02 7.345703700236296387e-05 7.066534750402391721e-05
5.000000000000000000e-01 6.681502175134735353e+02 6.495154326963077434e-05 6.295260622923207325e-05
5.000000000000000000e-01 6.744220631297238242e+02 5.697222684296550274e-05 5.575381372361640838e-05
5.000000000000000000e-01 6.806939087459741131e+02 4.963683279741043654e-05 4.906748751454721475e-05
5.000000000000000000e-01 6.869657543622244020e+02 4.284932309090224041e-05 4.280593770158162603e-05
5.000000000000000000e-01 6.932375999784746909e+02 3.679794501016679951e-05 3.706957817734952379e-05
5.000000000000000000e-01 6.995094455947249799e+02 3.116815200782943677e-05 3.163904139571863984e-05
5.000000000000000000e-01 7.057812912109752688e+02 2.588898654590802230e-05 2.644419567230346690e-05
5.000000000000000000e-01 7.120531368272255577e+02 2.184320563865552203e-05 2.237370994166530471e-05
5.000000000000000000e-01 7.183249824434758466e+02 1.742992055936187483e-05 1.790010636335681373e-05
5.000000000000000000e-01 7.245968280597261355e+02 1.350107199591146881e-05 1.387552421242810286e-05
5.000000000000000000e-01 7.308686736759764244e+02 1.039576753949058935e-05 1.069147816741376896e-05
5.000000000000000000e-01 7.371405192922267133e+02 7.921473539738534941e-06 8.154110182365622065e-06
5.000000000000000000e-01 7.434123649084770022e+02 5.022646799965246588e-06 5.160973848279250893e-06
5.000000000000000000e-01 7.496842105247272912e+02 2.915496442849118222e-06 2.996153253181883325e-06
5.000000000000000000e-01 7.559560561409775801e+02 0.000000000000000000e+00 0.000000000000000000e+00
5.000000000000000000e-01 7.560316593069082955e+02 0.000000000000000000e+00 0.000000000000000000e+00
9.989999999999999991e-01 1.980000000000000071e+01 2.739634788554637916e-05 2.583488110915621829e-10
9.989999999999999991e-01 2.000000000000000000e+01 2.795138723119444034e-05 2.748004872294870959e-10
9.989999999999999991e-01 2.256535122925803094e+01 3.556047959999555306e-05 5.745691592341816027e-10
9.989999999999999991e-01 2.545975380498884277e+01 4.523343756577549534e-05 1.203740168193864734e-09
9.989999999999999991e-01 2.872541434100058311e+01 5.752529292463226583e-05 2.525765749418096580e-09
9.989999999999999991e-01 3.240995319053218537e+01 7.313728504647598041e-05 5.309048566540224468e-09
9.989999999999999991e-01 3.656709885340853106e+01 9.295337463242064207e-05 1.117866443742564216e-08
9.989999999999999991e-01 4.125747145310809572e+01 1.180845155533524808e-04 2.358133611172895865e-08
9.989999999999999991e-01 4.654946670852351076e+01 1.484990502215226217e-04 4.983473839322458202e-08
9.989999999999999991e-01 5.252025329062433201e+01 1.860142462870413506e-04 1.055035924027881797e-07
9.989999999999999991e-01 5.925689810762663967e+01 2.320157727406699211e-04 2.237167904693456379e-07
9.989999999999999991e-01 6.685763592774752340e+01 2.903311496124050478e-04 4.749993494375089543e-07
9.989999999999999991e-01 7.543330185337416083e+01 3.647303064304055313e-04 1.009325184724725518e-06
9.989999999999999991e-01 8.510894753520142331e+01 4.550453781275934232e-04 2.144674099356132190e-06
9.989999999999999991e-01 9.602566469421570616e+01 5.711411219209986323e-04 4.551529798338740601e-06
9.989999999999999991e-01 1.083426425423969306e+02 7.138538713282068220e-04 9.630079237483713718e-06
9.989999999999999991e-01 1.188532835966199457e+02 8.413454089608357524e-04 1.705040963495213984e-05
9.989999999999999991e-01 1.222394891037569806e+02 8.874999704729313269e-04 2.025908945525415150e-05
9.989999999999999991e-01 1.311484508652358159e+02 1.009541097856907991e-03 3.112478439779543739e-05
9.989999999999999991e-01 1.379188502855667764e+02 1.101868997749507135e-03 4.221194605746315628e-05
9.989999999999999991e-01 1.434436181338516576e+02 1.175589330736672962e-03 5.344515532022698371e-05
9.989999999999999991e-01 1.556093648914634286e+02 1.352882088881746277e-03 8.661845594568938294e-05
9.989999999999999991e-01 1.557387854024675278e+02 1.354862398365645239e-03 8.704231233566202448e-05
9.989999999999999991e-01 1.680339526710833695e+02 1.539531408205815520e-03 1.352954048003728667e-04
9.989999999999999991e-01 1.755689986668822371e+02 1.655867739426014444e-03 1.736107314348559741e-04
9.989999999999999991e-01 1.803291199396992397e+02 1.721348378925096094e-03 2.016746072037360702e-04
9.989999999999999991e-01 1.926242872083150814e+02 1.898827889011932496e-03 2.893769509005584780e-04
9.989999999999999991e-01 1.980888059943665951e+02 1.980088762858974415e-03 3.358864609219423532e-04
9.989999999999999991e-01 2.049194544769309516e+02 2.071375238461120941e-03 4.008775717028774258e-04
9.989999999999999991e-01 2.172146217455468218e+02 2.238528771243584667e-03 5.374440468499651910e-04
9.989999999999999991e-01 2.295097890141626635e+02 2.392274798907179784e-03 6.986809220953491039e-04
9.989999999999999991e-01 2.418049562827785053e+02 2.533004928067283772e-03 8.821939707941712627e-04
9.989999999999999991e-01 2.541001235513943755e+02 2.651488851169385430e-03 1.083444107299334162e-03
9.989999999999999991e-01 2.663952908200102456e+02 2.757758050793909354e-03 1.295877563179242140e-03
9.989999999999999991e-01 2.786904580886260874e+02 2.834742780476444662e-03 1.511304907937052354e-03
9.989999999999999991e-01 2.909856253572419291e+02 2.889672744379613318e-03 1.720583611827167410e-03
9.989999999999999991e-01 3.032807926258577709e+02 2.927664873503056740e-03 1.914438653535781342e-03
9.989999999999999991e-01 3.155759598944736695e+02 2.936198391050239172e-03 2.084310110389639946e-03
9.989999999999999991e-01 3.278711271630895681e+02 2.920051335899820008e-03 2.223182822088236657e-03
9.989999999999999991e-01 3.401662944317054098e+02 2.888630551044906423e-03 2.326166214527095478e-03
9.989999999999999991e-01 3.524614617003212516e+02 2.830479483000472411e-03 2.390695605404376776e-03
9.989999999999999991e-01 3.647566289689370933e+02 2.752742413905710350e-03 2.416617961628288961e-03
9.989999999999999991e-01 3.770517962375529351e+02 2.655355907535124609e-03 2.405825002186384644e-03
9.989999999999999991e-01 3.893469635061687768e+02 2.545154347481967672e-03 2.361861314405316707e-03
9.989999999999999991e-01 4.016421307747846186e+02 2.420758148511752660e-03 2.289271175093925744e-03
9.989999999999999991e-01 4.139372980434005740e+02 2.285739399984990181e-03 2.193166503718126971e-03
9.989999999999999991e-01 4.262324653120164157e+02 2.141969343604403688e-03 2.078717267217069110e-03
9.989999999999999991e-01 4.385276325806322575e+02 1.993214730329775485e-03 1.950891397965779641e-03
9.989999999999999991e-01 4.508227998492480992e+02 1.841131277867309431e-03 1.814101424378510019e-03
9.989999999999999991e-01 4.631179671178639410e+02 1.688534839334504458e-03 1.672220212423068371e-03
9.989999999999999991e-01 4.754131343864797827e+02 1.537431240233105238e-03 1.528514977314787172e-03
9.989999999999999991e-01 4.833366866262545045e+02 1.442531077211264444e-03 1.436650256623188448e-03
9.989999999999999991e-01 4.899098632609101287e+02 1.364133032844642383e-03 1.360670417520571740e-03
9.989999999999999991e-01 4.964830398955657529e+02 1.288009076320313900e-03 1.286155629048096579e-03
9.989999999999999991e-01 5.030562165302213771e+02 1.214048598679076923e-03 1.213320526516324183e-03
9.989999999999999991e-01 5.096293931648770013e+02 1.141069635433070075e-03 1.141391981821286445e-03
9.989999999999999991e-01 5.162025697995326254e+02 1.072402052438585669e-03 1.073109292969720140e-03
9.989999999999999991e-01 5.227757464341882496e+02 1.004753453806902152e-03 1.005937250192772249e-03
9.989999999999999991e-01 5.293489230688438738e+02 9.379255204005281605e-04 9.395609678100822751e-04
9.989999999999999991e-01 5.359220997034994980e+02 8.741427041425962885e-04 8.759927719564279507e-04
9.989999999999999991e-01 5.424952763381551222e+02 8.150036987277438664e-04 8.168953229227909289e-04
9.989999999999999991e-01 5.490684529728107464e+02 7.562923784779456956e-04 7.582378624204466188e-04
9.989999999999999991e-01 5.556416296074663705e+02 7.000623588462475235e-04 7.019972803395713211e-04
9.989999999999999991e-01 5.622148062421219947e+02 6.466546313515312552e-04 6.485389195159481281e-04
9.989999999999999991e-01 5.687879828767775052e+02 5.979693933396998482e-04 5.997934271834123908e-04
9.989999999999999991e-01 5.753611595114332431e+02 5.502581935120067413e-04 5.520067251699859769e-04
9.989999999999999991e-01 5.819343361460887536e+02 5.060986730004514477e-04 5.077719538268397372e-04
9.989999999999999991e-01 5.885075127807443778e+02 4.634339525430425095e-04 4.650218022269955319e-04
9.989999999999999991e-01 5.950806894154000020e+02 4.228288816219153215e-04 4.243269713359175584e-04
9.989999999999999991e-01 6.016538660500556261e+02 3.850778192132270935e-04 3.864889510056769215e-04
9.989999999999999991e-01 6.082270426847112503e+02 3.518206973032912558e-04 3.531599951215917080e-04
9.989999999999999991e-01 6.148002193193668745e+02 3.195955184234897301e-04 3.208550553758620890e-04
9.989999999999999991e-01 6.213733959540224987e+02 2.899068242643955472e-04 2.910897362751615710e-04
9.989999999999999991e-01 6.279465725886781229e+02 2.607214104296095149e-04 2.618181243602549289e-04
9.989999999999999991e-01 6.345197492233337471e+02 2.347028933600850084e-04 2.357229726870311572e-04
9.989999999999999991e-01 6.410929258579893713e+02 2.110017095633589916e-04 2.119494755624434421e-04
9.989999999999999991e-01 6.476661024926449954e+02 1.880593806853185783e-04 1.889298096871839519e-04
9.989999999999999991e-01 6.542392791273006196e+02 1.700288236360203268e-04 1.708454554932285383e-04
9.989999999999999991e-01 6.608124557619562438e+02 1.507563027138050500e-04 1.515020045752969561e-04
9.989999999999999991e-01 6.673856323966118680e+02 1.342741582733578620e-04 1.349600047754088777e-04
9.989999999999999991e-01 6.739588090312674922e+02 1.176565654522840625e-04 1.182742366601589987e-04
9.989999999999999991e-01 6.805319856659231164e+02 1.031617068458997476e-04 1.037191454597569790e-04
9.989999999999999991e-01 6.871051623005787405e+02 9.102813745833099616e-05 9.153561279754347292e-05
9.989999999999999991e-01 6.936783389352343647e+02 7.841624016961024925e-05 7.886501037189728156e-05
9.989999999999999991e-01 7.002515155698899889e+02 6.862822367923265506e-05 6.903312055307356070e-05
9.989999999999999991e-01 7.068246922045456131e+02 5.900201672821745277e-05 5.935983696733536190e-05
9.989999999999999991e-01 7.133978688392012373e+02 4.971554500067353863e-05 5.002474774167853954e-05
9.989999999999999991e-01 7.199710454738567478e+02 4.146921524113091387e-05 4.173377682398872929e-05
9.989999999999999991e-01 7.265442221085124856e+02 3.330198122042463273e-05 3.351920635358451086e-05
9.989999999999999991e-01 7.331173987431679961e+02 2.823582479726666544e-05 2.842541803397642938e-05
9.989999999999999991e-01 7.396905753778237340e+02 2.255885509856576685e-05 2.271410714444772934e-05
9.989999999999999991e-01 7.462637520124792445e+02 1.659346477602954763e-05 1.671011507577351308e-05
9.989999999999999991e-01 7.528369286471349824e+02 1.260177960089305976e-05 1.269263248553976521e-05
9.989999999999999991e-01 7.594101052817904929e+02 8.681307501144841152e-06 8.745364448575083645e-06
9.989999999999999991e-01 7.659832819164462308e+02 4.792169896857551088e-06 4.828294316705479479e-06
9.989999999999999991e-01 7.725564585511017413e+02 1.590367863221388627e-06 1.602617935674728513e-06
9.989999999999999991e-01 7.791296351857573654e+02 0.000000000000000000e+00 0.000000000000000000e+00
9.989999999999999991e-01 7.857028118204129896e+02 0.000000000000000000e+00 0.000000000000000000e+00
9.989999999999999991e-01 7.922759884550686138e+02 0.000000000000000000e+00 0.000000000000000000e+00
9.989999999999999991e-01 7.923552239774663803e+02 0.000000000000000000e+00 0.000000000000000000e+00
