# mx [GeV]: 0.001
# sigma_p [cm^2]: 1e-29
# depth [m]: 1700.0
# loc: MOD
# Columns: gamma/pi, v [km/s], f(v, gamma) [s/km], f[with reflection](v, gamma) [s/km]
1.000000000000000021e-03 1.980000000000000071e+01 1.568256525354524405e-05 6.225741354147951843e-09
1.000000000000000021e-03 2.000000000000000000e+01 1.598742407915071365e-05 6.603344415725128021e-09
1.000000000000000021e-03 2.163018353231929680e+01 1.804599637869784152e-05 1.044409496296595394e-08
1.000000000000000021e-03 2.339324198209083860e+01 2.094175565475891806e-05 1.650161151289460229e-08
1.000000000000000021e-03 2.530000587442906479e+01 2.428391739588654642e-05 2.604089223619800273e-08
1.000000000000000021e-03 2.736218852163284865e+01 2.813603717405424316e-05 4.103848578684972676e-08
1.000000000000000021e-03 2.959245797844193859e+01 3.028915832035608676e-05 6.456754077392735848e-08
1.000000000000000021e-03 3.200451486230727483e+01 3.664296354696622678e-05 1.014314623837180203e-07
1.000000000000000021e-03 3.461317651672734286e+01 4.230893369656625272e-05 1.590214697513829550e-07
1.000000000000000021e-03 3.743446803466881079e+01 4.878745691567632078e-05 2.487598320951642954e-07
1.000000000000000021e-03 4.048572070123131539e+01 5.415628862744227372e-05 3.881307220890912899e-07
1.000000000000000021e-03 4.378567846029259414e+01 6.279780705859500458e-05 6.038803734259743595e-07
1.000000000000000021e-03 4.735461305916239638e+01 7.202540407192053844e-05 9.363785021922209885e-07
1.000000000000000021e-03 5.121444857858235622e+01 8.051367855399055003e-05 1.446158538614231836e-06
1.000000000000000021e-03 5.318084246571975626e+01 8.582599187919317206e-05 1.779476072597952839e-06
1.000000000000000021e-03 5.538889611306323246e+01 9.189625437454379726e-05 2.223218044811050111e-06
1.000000000000000021e-03 5.868230892769076235e+01 1.016627951940958361e-04 3.041898900700874740e-06
1.000000000000000021e-03 5.990359942890621880e+01 1.051586790091671284e-04 3.399008388295544959e-06
1.000000000000000021e-03 6.418377538966177553e+01 1.143858072835532755e-04 4.912867502775219022e-06
1.000000000000000021e-03 6.478629249468893647e+01 1.160988884317875415e-04 5.161859988404109880e-06
1.000000000000000021e-03 6.968524185163278162e+01 1.301493519326926002e-04 7.560157464386962682e-06
1.000000000000000021e-03 7.006696985193204341e+01 1.312513996840422180e-04 7.777030492277070726e-06
1.000000000000000021e-03 7.518670831360378770e+01 1.442210570485804731e-04 1.115368887093091473e-05
1.000000000000000021e-03 7.577807087253867735e+01 1.459123583506708008e-04 1.160322835397802571e-05
1.000000000000000021e-03 8.068817477557479378e+01 1.557118797947482851e-04 1.585286443444140308e-05
1.000000000000000021e-03 8.195467903490548167e+01 1.605658175822775055e-04 1.710701902323438751e-05
1.000000000000000021e-03 8.618964123754579987e+01 1.722892874320026816e-04 2.179457438989056180e-05
1.000000000000000021e-03 8.863473744286626754e+01 1.789906023592138513e-04 2.485930476889171360e-05
1.000000000000000021e-03 9.169110769951682016e+01 1.833969083845881753e-04 2.906547003526719193e-05
1.000000000000000021e-03 9.719257416148782625e+01 1.976312547201724504e-04 3.770461339688501953e-05
1.000000000000000021e-03 1.026940406234588323e+02 2.096253724297125439e-04 4.767336869436451736e-05
1.000000000000000021e-03 1.081955070854298526e+02 2.199289060495968800e-04 5.886259615982318777e-05
1.000000000000000021e-03 1.136969735474008587e+02 2.317102200850946689e-04 7.109848367414003511e-05
1.000000000000000021e-03 1.191984400093718648e+02 2.394166458055029326e-04 8.412725165857724006e-05
1.000000000000000021e-03 1.246999064713428709e+02 2.481361193531142354e-04 9.767729505957745866e-05
1.000000000000000021e-03 1.302013729333138770e+02 2.575583748667758751e-04 1.114471087041553154e-04
1.000000000000000021e-03 1.357028393952848830e+02 2.628782353973095815e-04 1.251074046684564928e-04
1.000000000000000021e-03 1.412043058572558891e+02 2.670127874212674152e-04 1.383870827675827333e-04
1.000000000000000021e-03 1.467057723192268952e+02 2.711511084593742600e-04 1.510576199279995736e-04
1.000000000000000021e-03 1.522072387811979013e+02 2.755555329501800546e-04 1.629414699393362488e-04
1.000000000000000021e-03 1.577087052431689358e+02 2.759893209857933682e-04 1.738174586600998832e-04
1.000000000000000021e-03 1.632101717051399419e+02 2.777081286794226317e-04 1.836930655367568664e-04
1.000000000000000021e-03 1.687116381671109480e+02 2.776056276372581883e-04 1.924319355990459785e-04
1.000000000000000021e-03 1.742131046290819540e+02 2.759890566532343260e-04 1.999815082262470112e-04
1.000000000000000021e-03 1.797145710910529601e+02 2.740056361076869404e-04 2.063779674791458619e-04
1.000000000000000021e-03 1.852160375530239662e+02 2.710390782111234413e-04 2.115713745937584077e-04
1.000000000000000021e-03 1.907175040149949723e+02 2.665453259940890130e-04 2.154482169013649257e-04
1.000000000000000021e-03 1.962189704769659784e+02 2.617247058858076137e-04 2.181471634129651769e-04
1.000000000000000021e-03 2.017204369389370129e+02 2.579974714991074879e-04 2.200812932814149507e-04
1.000000000000000021e-03 2.072219034009080190e+02 2.513537187854781359e-04 2.202906645969707384e-04
1.000000000000000021e-03 2.127233698628790250e+02 2.440194279279145079e-04 2.192128426855899967e-04
1.000000000000000021e-03 2.162687593605936911e+02 2.412886082109918086e-04 2.188171856782666555e-04
1.000000000000000021e-03 2.192099239673148361e+02 2.347068349924468476e-04 2.163481671753555860e-04
1.000000000000000021e-03 2.221510885740360095e+02 2.321563463059433854e-04 2.154567272594433327e-04
1.000000000000000021e-03 2.250922531807571545e+02 2.271811092210237646e-04 2.131270539735603971e-04
1.000000000000000021e-03 2.280334177874782995e+02 2.243924552901994647e-04 2.117686604282377147e-04
1.000000000000000021e-03 2.309745823941994729e+02 2.161810155352017016e-04 2.069439575392475323e-04
1.000000000000000021e-03 2.339157470009206179e+02 2.132074921121095330e-04 2.051138981686266170e-04
1.000000000000000021e-03 2.368569116076417629e+02 2.101390255475387228e-04 2.031100873372499523e-04
1.000000000000000021e-03 2.397980762143629363e+02 2.064374840668202536e-04 2.005500428475183352e-04
1.000000000000000021e-03 2.427392408210840813e+02 1.989617504667446507e-04 1.950334652596195689e-04
1.000000000000000021e-03 2.456804054278052263e+02 1.956921921684461095e-04 1.925146744860847890e-04
1.000000000000000021e-03 2.486215700345263713e+02 1.895100009456735727e-04 1.875334885277288581e-04
1.000000000000000021e-03 2.515627346412475447e+02 1.861458289268380054e-04 1.847481839285749399e-04
1.000000000000000021e-03 2.545038992479686897e+02 1.827304166127849676e-04 1.818602917007507364e-04
1.000000000000000021e-03 2.574450638546898631e+02 1.721794081186690470e-04 1.724661082140368509e-04
1.000000000000000021e-03 2.603862284614110081e+02 1.687685631088747904e-04 1.693873672645869704e-04
1.000000000000000021e-03 2.633273930681321531e+02 1.653276932274600256e-04 1.662444728720074635e-04
1.000000000000000021e-03 2.662685576748532981e+02 1.646510960640857832e-04 1.657440848205791128e-04
1.000000000000000021e-03 2.692097222815744431e+02 1.524113163209684979e-04 1.539477710108330948e-04
1.000000000000000021e-03 2.721508868882956449e+02 1.490034884303588578e-04 1.507010056307334209e-04
1.000000000000000021e-03 2.750920514950167899e+02 1.455887484525434207e-04 1.474294374443960555e-04
1.000000000000000021e-03 2.780332161017379349e+02 1.381604686996302600e-04 1.400740940735890211e-04
1.000000000000000021e-03 2.809743807084590799e+02 1.348148961593511003e-04 1.368201983254596599e-04
1.000000000000000021e-03 2.839155453151802249e+02 1.314769747646533525e-04 1.335639324352481082e-04
1.000000000000000021e-03 2.868567099219013699e+02 1.281506830306773171e-04 1.303105169038554841e-04
1.000000000000000021e-03 2.897978745286225148e+02 1.182799259629485530e-04 1.202748969618781111e-04
1.000000000000000021e-03 2.927390391353436598e+02 1.151186673204515469e-04 1.171557466944540019e-04
1.000000000000000021e-03 2.956802037420648617e+02 1.119811397115317967e-04 1.140563000448731638e-04
1.000000000000000021e-03 2.986213683487860067e+02 1.021960946381139911e-04 1.040365491564776478e-04
1.000000000000000021e-03 3.015625329555071517e+02 9.926158520766147466e-05 1.011254707832211821e-04
1.000000000000000021e-03 3.045036975622282966e+02 9.636006424365888749e-05 9.824528087041315522e-05
1.000000000000000021e-03 3.074448621689494416e+02 9.591534809021496960e-05 9.792200081403673335e-05
1.000000000000000021e-03 3.103860267756706435e+02 8.352225961109647286e-05 8.514304458877246088e-05
1.000000000000000021e-03 3.133271913823917885e+02 8.039336204098904018e-05 8.202191088156224081e-05
1.000000000000000021e-03 3.162683559891129335e+02 7.710342912508425938e-05 7.873638631282042343e-05
1.000000000000000021e-03 3.192095205958340784e+02 7.407429294630668050e-05 7.571143195254589637e-05
1.000000000000000021e-03 3.221506852025552234e+02 6.430912580284667973e-05 6.568008180976795253e-05
1.000000000000000021e-03 3.250918498092763684e+02 6.130390430808573595e-05 6.267074587759817786e-05
1.000000000000000021e-03 3.280330144159975134e+02 5.875382485115010890e-05 6.011870948162185182e-05
1.000000000000000021e-03 3.309741790227186584e+02 4.967521758066136147e-05 5.078853530254534814e-05
1.000000000000000021e-03 3.339153436294398603e+02 4.642358011157062328e-05 4.751903023775060726e-05
1.000000000000000021e-03 3.368565082361610052e+02 4.433736692286385008e-05 4.542616468699820517e-05
1.000000000000000021e-03 3.397976728428821502e+02 3.589030094499561196e-05 3.674905685915763083e-05
1.000000000000000021e-03 3.427388374496032952e+02 3.367935180861451509e-05 3.452228479629454482e-05
1.000000000000000021e-03 3.456800020563244971e+02 2.628613432937985288e-05 2.694056751448694879e-05
1.000000000000000021e-03 3.486211666630456421e+02 2.101339623118192218e-05 2.156186138758161346e-05
1.000000000000000021e-03 3.515623312697667870e+02 1.389093916482874512e-05 1.425400820807347539e-05
1.000000000000000021e-03 3.545034958764879320e+02 2.311114804004678702e-06 2.372853805045707811e-06
1.000000000000000021e-03 3.545389497714650702e+02 0.000000000000000000e+00 0.000000000000000000e+00
5.000000000000000000e-01 1.980000000000000071e+01 1.662937425876949299e-05 7.071259659351695517e-09
5.000000000000000000e-01 2.000000000000000000e+01 1.696644266933544239e-05 7.510087968183459593e-09
5.000000000000000000e-01 2.231513453199678665e+01 2.149172166895882587e-05 1.447302251197142984e-08
5.000000000000000000e-01 2.489826145905578159e+01 2.674144101806808009e-05 2.788270073877354972e-08
5.000000000000000000e-01 2.778040270358301811e+01 3.326899197437404909e-05 5.369105785937635055e-08
5.000000000000000000e-01 3.099617118417512529e+01 4.034387815281172823e-05 1.033206614387360314e-07
5.000000000000000000e-01 3.458418649758350227e+01 5.017118753099839126e-05 1.986614787149981345e-07
5.000000000000000000e-01 3.858753871866212393e+01 6.237445890767433546e-05 3.815243921429597209e-07
5.000000000000000000e-01 4.305430588827902483e+01 7.574110844966165071e-05 7.314527039169665945e-07
5.000000000000000000e-01 4.803813140393439340e+01 9.408253529583886232e-05 1.399039227015361963e-06
5.000000000000000000e-01 5.359886824722677545e+01 1.167927735074746678e-04 2.666797398426537114e-06
5.000000000000000000e-01 5.980329778498183657e+01 1.416524811956337458e-04 5.058142110589527711e-06
5.000000000000000000e-01 6.672593177644674256e+01 1.755168771609969588e-04 9.525810513725140505e-06
5.000000000000000000e-01 7.444990721821241664e+01 2.132231175889149385e-04 1.775335469618679376e-05
5.000000000000000000e-01 8.306798477345446940e+01 2.633604185208028386e-04 3.259365065093137846e-05
5.000000000000000000e-01 9.268366277607483994e+01 3.192472361609945022e-04 5.855658543807196913e-05
5.000000000000000000e-01 9.616167236180730526e+01 3.422548826245706052e-04 7.086085831017530285e-05
5.000000000000000000e-01 1.034124201883166307e+02 3.921650525835754437e-04 1.020505585500880853e-04
5.000000000000000000e-01 1.061094315716494378e+02 4.076886274542151759e-04 1.156338516159668962e-04
5.000000000000000000e-01 1.153831034390833565e+02 4.754795785712134055e-04 1.706262987668573394e-04
5.000000000000000000e-01 1.160571907814915846e+02 4.805367753162193153e-04 1.751114205997720901e-04
5.000000000000000000e-01 1.260049499913337172e+02 5.502164667183180374e-04 2.482805018285207154e-04
5.000000000000000000e-01 1.287394737981223614e+02 5.715144954639611629e-04 2.704660097695544370e-04
5.000000000000000000e-01 1.359527092011758498e+02 6.202433003079169116e-04 3.323973194975145544e-04
5.000000000000000000e-01 1.436419338691787004e+02 6.815040698774438776e-04 4.026205084064920538e-04
5.000000000000000000e-01 1.459004684110179824e+02 6.996526163272027499e-04 4.238204156174629625e-04
5.000000000000000000e-01 1.558482276208601149e+02 7.762480712063565651e-04 5.189021174756512905e-04
5.000000000000000000e-01 1.602694539363455135e+02 8.119301350539678873e-04 5.615891869408159423e-04
5.000000000000000000e-01 1.657959868307022475e+02 8.497629933556235604e-04 6.148314551250959586e-04
5.000000000000000000e-01 1.757437460405444085e+02 9.287254108665158681e-04 7.099094103394356032e-04
5.000000000000000000e-01 1.856915052503865127e+02 9.979606706232316358e-04 8.027683095660848251e-04
5.000000000000000000e-01 1.956392644602286737e+02 1.068631991997066313e-03 8.927828059330846508e-04
5.000000000000000000e-01 2.055870236700708062e+02 1.132541233297323230e-03 9.789299317861186595e-04
5.000000000000000000e-01 2.155347828799129388e+02 1.191530395937921444e-03 1.060400288881790639e-03
5.000000000000000000e-01 2.254825420897550998e+02 1.247483641028340837e-03 1.136561978667227244e-03
5.000000000000000000e-01 2.354303012995972040e+02 1.296324248613639398e-03 1.206338632809255025e-03
5.000000000000000000e-01 2.453780605094393650e+02 1.338517430339730219e-03 1.269015867847938768e-03
5.000000000000000000e-01 2.553258197192814691e+02 1.373582304073267361e-03 1.323850066769549638e-03
5.000000000000000000e-01 2.652735789291236301e+02 1.399106114141721903e-03 1.369411461242053948e-03
5.000000000000000000e-01 2.752213381389657343e+02 1.418407354887917665e-03 1.406147536341192765e-03
5.000000000000000000e-01 2.851690973488078953e+02 1.429381624610097986e-03 1.432947468530439659e-03
5.000000000000000000e-01 2.951168565586499994e+02 1.428465955719829521e-03 1.446707590762546288e-03
5.000000000000000000e-01 3.050646157684921604e+02 1.421936872095439213e-03 1.451519575937585457e-03
5.000000000000000000e-01 3.150123749783343214e+02 1.412725448875114254e-03 1.451461907521548389e-03
5.000000000000000000e-01 3.249601341881764256e+02 1.382131108829318155e-03 1.427557128394429508e-03
5.000000000000000000e-01 3.349078933980185866e+02 1.356474597212846108e-03 1.407990854936393837e-03
5.000000000000000000e-01 3.448556526078606908e+02 1.315771162800784874e-03 1.370805198855375422e-03
5.000000000000000000e-01 3.548034118177028517e+02 1.274902525136729307e-03 1.333784484093516760e-03
5.000000000000000000e-01 3.647511710275449559e+02 1.218766233668777937e-03 1.278561065663819758e-03
5.000000000000000000e-01 3.746989302373871169e+02 1.175461574830014792e-03 1.239860353117961701e-03
5.000000000000000000e-01 3.846466894472292211e+02 1.112348142133073522e-03 1.176986587571282952e-03
5.000000000000000000e-01 3.910574676046830405e+02 1.070775476365566940e-03 1.135507029370415831e-03
5.000000000000000000e-01 3.963756854846644160e+02 1.043293710074525912e-03 1.109922795421957849e-03
5.000000000000000000e-01 4.016939033646457915e+02 1.015019372637937468e-03 1.083448445142895728e-03
5.000000000000000000e-01 4.070121212446271670e+02 9.627724421447899413e-04 1.026831408255764449e-03
5.000000000000000000e-01 4.123303391246085425e+02 9.339333649700975104e-04 9.994321999948726273e-04
5.000000000000000000e-01 4.176485570045899181e+02 9.046913710561988982e-04 9.715202852579709128e-04
5.000000000000000000e-01 4.229667748845712936e+02 8.750386581841757471e-04 9.430780013128332775e-04
5.000000000000000000e-01 4.282849927645526122e+02 8.258403293788323628e-04 8.897926912489630526e-04
5.000000000000000000e-01 4.336032106445339878e+02 7.964781737998853856e-04 8.613136112691166480e-04
5.000000000000000000e-01 4.389214285245153633e+02 7.670564772972706183e-04 8.326510512280331077e-04
5.000000000000000000e-01 4.442396464044967388e+02 7.249020238509066346e-04 7.876141107839309229e-04
5.000000000000000000e-01 4.495578642844781143e+02 6.961044786035000542e-04 7.592889674930208095e-04
5.000000000000000000e-01 4.548760821644594898e+02 6.674561154634676453e-04 7.309879563759246347e-04
5.000000000000000000e-01 4.601943000444408653e+02 6.390671319586034398e-04 7.028202805928458839e-04
5.000000000000000000e-01 4.655125179244222409e+02 5.859882176124445174e-04 6.426691412345543345e-04
5.000000000000000000e-01 4.708307358044036164e+02 5.641261251743863447e-04 6.221381992326075697e-04
5.000000000000000000e-01 4.761489536843849919e+02 5.377923964938780303e-04 5.956578226335951199e-04
5.000000000000000000e-01 4.814671715643663674e+02 5.119230107940745756e-04 5.695286843919075389e-04
5.000000000000000000e-01 4.867853894443477429e+02 4.672072009425084832e-04 5.187406579209206080e-04
5.000000000000000000e-01 4.921036073243291185e+02 4.433623432496170856e-04 4.944563438906470756e-04
5.000000000000000000e-01 4.974218252043104940e+02 4.202464038812065155e-04 4.708146461451123048e-04
5.000000000000000000e-01 5.027400430842918695e+02 4.045143033375377833e-04 4.564941883383809122e-04
5.000000000000000000e-01 5.080582609642732450e+02 3.557372573342987938e-04 3.990542762961601909e-04
5.000000000000000000e-01 5.133764788442546205e+02 3.356081763508501447e-04 3.782217317864600245e-04
5.000000000000000000e-01 5.186946967242359960e+02 3.162394731773876316e-04 3.580875553189660928e-04
5.000000000000000000e-01 5.240129146042173716e+02 2.973957147581348889e-04 3.384077594238943626e-04
5.000000000000000000e-01 5.293311324841987471e+02 3.069974660126115716e-04 3.554871030452785071e-04
5.000000000000000000e-01 5.346493503641801226e+02 2.458477752780920426e-04 2.801132235465533587e-04
5.000000000000000000e-01 5.399675682441613844e+02 2.300226091209929037e-04 2.633998886161135165e-04
5.000000000000000000e-01 5.452857861241427599e+02 2.151526032652881497e-04 2.476199006554267871e-04
5.000000000000000000e-01 5.506040040041241355e+02 2.047757381391712901e-04 2.374938935501002559e-04
5.000000000000000000e-01 5.559222218841055110e+02 1.728648452547490097e-04 1.990976110395414422e-04
5.000000000000000000e-01 5.612404397640868865e+02 1.607564995603985450e-04 1.861107926019391512e-04
5.000000000000000000e-01 5.665586576440682620e+02 1.491365612441124808e-04 1.735880661574253688e-04
5.000000000000000000e-01 5.718768755240496375e+02 1.460460676826929368e-04 1.719974294639816433e-04
5.000000000000000000e-01 5.771950934040310131e+02 1.164799599525012587e-04 1.356416243716744639e-04
5.000000000000000000e-01 5.825133112840123886e+02 1.075153574655183028e-04 1.258788678343370025e-04
5.000000000000000000e-01 5.878315291639937641e+02 9.880054371305232639e-05 1.163426021831357723e-04
5.000000000000000000e-01 5.931497470439751396e+02 8.244901998262644377e-05 9.672753403810290787e-05
5.000000000000000000e-01 5.984679649239565151e+02 7.542729310503409413e-05 8.899743996786642158e-05
5.000000000000000000e-01 6.037861828039378906e+02 6.574702543367406656e-05 7.776752635847444144e-05
5.000000000000000000e-01 6.091044006839192662e+02 5.571504108003773206e-05 6.589385829273339517e-05
5.000000000000000000e-01 6.144226185639006417e+02 4.717689421014655926e-05 5.589585980826135828e-05
5.000000000000000000e-01 6.197408364438820172e+02 4.240194301301236646e-05 5.055790265140643058e-05
5.000000000000000000e-01 6.250590543238633927e+02 3.249607538020456913e-05 3.873510720821401413e-05
5.000000000000000000e-01 6.303772722038447682e+02 2.441282096490307317e-05 2.902971172432245849e-05
5.000000000000000000e-01 6.356954900838261437e+02 1.625748507497877076e-05 1.938868070656382374e-05
5.000000000000000000e-01 6.410137079638075193e+02 1.626917696836057166e-06 1.939525884750659341e-06
5.000000000000000000e-01 6.410778157453820540e+02 0.000000000000000000e+00 0.000000000000000000e+00
9.989999999999999991e-01 1.980000000000000071e+01 1.771520970215572114e-05 7.971043336558743984e-09
9.989999999999999991e-01 2.000000000000000000e+01 1.808643918701413118e-05 8.475630076788834370e-09
9.989999999999999991e-01 2.247692721051523534e+01 2.302265768512592792e-05 1.730336590334605344e-08
9.989999999999999991e-01 2.526061284134001994e+01 2.781357007785201325e-05 3.536851390932922038e-08
9.989999999999999991e-01 2.838904780639029823e+01 3.666649796375810960e-05 7.239513675877773675e-08
9.989999999999999991e-01 3.190492805600360882e+01 4.680083120429962961e-05 1.483578494725657087e-07
9.989999999999999991e-01 3.585623727857591803e+01 5.836578966910311862e-05 3.043498278081240686e-07
9.989999999999999991e-01 4.029690176767569909e+01 7.510395854393223222e-05 6.249070393228456097e-07
9.989999999999999991e-01 4.528752639206646791e+01 9.480551649909793772e-05 1.283477346597337226e-06
9.989999999999999991e-01 5.089622171293829922e+01 1.215125268306158464e-04 2.634814766676978534e-06
9.989999999999999991e-01 5.719953353659794715e+01 1.540175277440821854e-04 5.398530907402182734e-06
9.989999999999999991e-01 6.428348758887685221e+01 1.976939213982041056e-04 1.101585149266022032e-05
9.989999999999999991e-01 7.224476356866225046e+01 2.522589993526107516e-04 2.230708740624228668e-05
9.989999999999999991e-01 8.119201460368523726e+01 3.212228831775379065e-04 4.458835271682761543e-05
9.989999999999999991e-01 9.124735011610614777e+01 4.086461143128975577e-04 8.727118867191546454e-05
9.989999999999999991e-01 1.025480023356058155e+02 5.196079593397194812e-04 1.653504079293162290e-04
9.989999999999999991e-01 1.103095651256832781e+02 6.054342738782686603e-04 2.408712084497809873e-04
9.989999999999999991e-01 1.152481992040579541e+02 6.601798222103421243e-04 2.986659618546172630e-04
9.989999999999999991e-01 1.217208994490298295e+02 7.378210422413946767e-04 3.855183627158597390e-04
9.989999999999999991e-01 1.295212692326285833e+02 8.350389885335072994e-04 5.052080668444398600e-04
9.989999999999999991e-01 1.331322337723763667e+02 8.818192585398423617e-04 5.653105908004784925e-04
9.989999999999999991e-01 1.445435680957229181e+02 1.034813903092179476e-03 7.690136315185514600e-04
9.989999999999999991e-01 1.455620070377669890e+02 1.049201631723477605e-03 7.879021821400621940e-04
9.989999999999999991e-01 1.559549024190694695e+02 1.194327626516204170e-03 9.833405238906991336e-04
9.989999999999999991e-01 1.635893318402196428e+02 1.304181230027934377e-03 1.127184735626516341e-03
9.989999999999999991e-01 1.673662367424159925e+02 1.359304533126190961e-03 1.197656315431254318e-03
9.989999999999999991e-01 1.787775710657625723e+02 1.526180156383297182e-03 1.405871349032064479e-03
9.989999999999999991e-01 1.838492752094721254e+02 1.600021422012206079e-03 1.495685887109167445e-03
9.989999999999999991e-01 1.901889053891090953e+02 1.692302011071901771e-03 1.605420833255803096e-03
9.989999999999999991e-01 2.016002397124556467e+02 1.855011999024520821e-03 1.795073119392102436e-03
9.989999999999999991e-01 2.130115740358021981e+02 2.012480290374915170e-03 1.973764231769550848e-03
9.989999999999999991e-01 2.244229083591487210e+02 2.162641558302115779e-03 2.140282437156237286e-03
9.989999999999999991e-01 2.358342426824953009e+02 2.298239155311193691e-03 2.290352443180467858e-03
9.989999999999999991e-01 2.472455770058418238e+02 2.421590840609752320e-03 2.424203165201286453e-03
9.989999999999999991e-01 2.586569113291884037e+02 2.529866786337116053e-03 2.540216290564155290e-03
9.989999999999999991e-01 2.700682456525349266e+02 2.623307119164137828e-03 2.639391871375043781e-03
9.989999999999999991e-01 2.814795799758814496e+02 2.691985508615065033e-03 2.712878091371332540e-03
9.989999999999999991e-01 2.928909142992280294e+02 2.741900334530447420e-03 2.766737963037111444e-03
9.989999999999999991e-01 3.043022486225745524e+02 2.774107215570784362e-03 2.802758680224848916e-03
9.989999999999999991e-01 3.157135829459211323e+02 2.791860248743016377e-03 2.824713726011012123e-03
9.989999999999999991e-01 3.271249172692676552e+02 2.778295337322694153e-03 2.814728441867721080e-03
9.989999999999999991e-01 3.385362515926141782e+02 2.743860896041211590e-03 2.783791080763901079e-03
9.989999999999999991e-01 3.499475859159607580e+02 2.702536064488823310e-03 2.746713103505673669e-03
9.989999999999999991e-01 3.613589202393072810e+02 2.629773148911919000e-03 2.677087487378106059e-03
9.989999999999999991e-01 3.727702545626538040e+02 2.554726131584477474e-03 2.605986229417764973e-03
9.989999999999999991e-01 3.841815888860003838e+02 2.452046023650949948e-03 2.505942299102060979e-03
9.989999999999999991e-01 3.955929232093469068e+02 2.350384349065212566e-03 2.407631990856283228e-03
9.989999999999999991e-01 4.070042575326934866e+02 2.224957092701462455e-03 2.284006177629296572e-03
9.989999999999999991e-01 4.184155918560400096e+02 2.105051583102136165e-03 2.166609651276500074e-03
9.989999999999999991e-01 4.298269261793865326e+02 1.966121513821885575e-03 2.028495563576424195e-03
9.989999999999999991e-01 4.412382605027331124e+02 1.862960887425804376e-03 1.929360874987187929e-03
9.989999999999999991e-01 4.485922315111120042e+02 1.740803433479218201e-03 1.804275431889573516e-03
9.989999999999999991e-01 4.546928980987012210e+02 1.670600671421205042e-03 1.734472210585272884e-03
9.989999999999999991e-01 4.607935646862904377e+02 1.596023883573283349e-03 1.659702296750778776e-03
9.989999999999999991e-01 4.668942312738796545e+02 1.519442921751561334e-03 1.582521690936320238e-03
9.989999999999999991e-01 4.729948978614688144e+02 1.450447749558808359e-03 1.513471798141599427e-03
9.989999999999999991e-01 4.790955644490580312e+02 1.377127527662772325e-03 1.439413528503028514e-03
9.989999999999999991e-01 4.851962310366472479e+02 1.309936542452002414e-03 1.371873928995814536e-03
9.989999999999999991e-01 4.912968976242364647e+02 1.234927744856432422e-03 1.295402671735303851e-03
9.989999999999999991e-01 4.973975642118256815e+02 1.170653195715498727e-03 1.230520923786984980e-03
9.989999999999999991e-01 5.034982307994148414e+02 1.097409566197131642e-03 1.155408030503694318e-03
9.989999999999999991e-01 5.095988973870040581e+02 1.036796179139950471e-03 1.093963201990274213e-03
9.989999999999999991e-01 5.156995639745932749e+02 9.806614383711450156e-04 1.037201418612755536e-03
9.989999999999999991e-01 5.218002305621824917e+02 9.123534946346447370e-04 9.665656268108796349e-04
9.989999999999999991e-01 5.279008971497717084e+02 8.575115591629293207e-04 9.105898687758155622e-04
9.989999999999999991e-01 5.340015637373609252e+02 7.996956248144139728e-04 8.509720164786039329e-04
9.989999999999999991e-01 5.401022303249501419e+02 7.375099226106353670e-04 7.861461757495579643e-04
9.989999999999999991e-01 5.462028969125393587e+02 6.935010090795989566e-04 7.412744597780994817e-04
9.989999999999999991e-01 5.523035635001285755e+02 6.378832767080079656e-04 6.831236333404747899e-04
9.989999999999999991e-01 5.584042300877176785e+02 5.946187410886091991e-04 6.384537601867430702e-04
9.989999999999999991e-01 5.645048966753068953e+02 5.517835323658460940e-04 5.939755379878454119e-04
9.989999999999999991e-01 5.706055632628961121e+02 5.072113412693059252e-04 5.472423361595773637e-04
9.989999999999999991e-01 5.767062298504853288e+02 4.665730095724687060e-04 5.046314925522555608e-04
9.989999999999999991e-01 5.828068964380745456e+02 4.320273963332384474e-04 4.685959140991516596e-04
9.989999999999999991e-01 5.889075630256637623e+02 3.913850112959069258e-04 4.254167027474674984e-04
9.989999999999999991e-01 5.950082296132529791e+02 3.549766085713725061e-04 3.867470618983227327e-04
9.989999999999999991e-01 6.011088962008421959e+02 3.271613997474847007e-04 3.575125997266103209e-04
9.989999999999999991e-01 6.072095627884314126e+02 2.972448504194127351e-04 3.256796606539373150e-04
9.989999999999999991e-01 6.133102293760206294e+02 2.653519701066926642e-04 2.913879178276216784e-04
9.989999999999999991e-01 6.194108959636098461e+02 2.434109795119781487e-04 2.681403749060247269e-04
9.989999999999999991e-01 6.255115625511989492e+02 2.172656750582986087e-04 2.399384872296128352e-04
9.989999999999999991e-01 6.316122291387882797e+02 1.953463341427496528e-04 2.163426488845298040e-04
9.989999999999999991e-01 6.377128957263773827e+02 1.712460351487722187e-04 1.900984165656879313e-04
9.989999999999999991e-01 6.438135623139665995e+02 1.561336022263297083e-04 1.739072641995131788e-04
9.989999999999999991e-01 6.499142289015558163e+02 1.390566578491451446e-04 1.553431729077436310e-04
9.989999999999999991e-01 6.560148954891450330e+02 1.215930100447763302e-04 1.361987767251088722e-04
9.989999999999999991e-01 6.621155620767342498e+02 1.041561840167158431e-04 1.169560910385602587e-04
9.989999999999999991e-01 6.682162286643234665e+02 9.138044109153663707e-05 1.029221754908675533e-04
9.989999999999999991e-01 6.743168952519126833e+02 7.685413722842108369e-05 8.678119807519224266e-05
9.989999999999999991e-01 6.804175618395019001e+02 6.516727548587869187e-05 7.379409232986715935e-05
9.989999999999999991e-01 6.865182284270911168e+02 5.618710190004174516e-05 6.382707666819778861e-05
9.989999999999999991e-01 6.926188950146802199e+02 4.560521892411799132e-05 5.194513814246227052e-05
9.989999999999999991e-01 6.987195616022695503e+02 3.864136464119784979e-05 4.415624365000558931e-05
9.989999999999999991e-01 7.048202281898586534e+02 3.061344762944934222e-05 3.508252454694972707e-05
9.989999999999999991e-01 7.109208947774479839e+02 2.235892935072590076e-05 2.568963401146603275e-05
9.989999999999999991e-01 7.170215613650370869e+02 1.650065321402511469e-05 1.901546168870636643e-05
9.989999999999999991e-01 7.231222279526263037e+02 1.023355478789745613e-05 1.182529213459631854e-05
9.989999999999999991e-01 7.292228945402155205e+02 4.020619923733529313e-06 4.657847386361280148e-06
9.989999999999999991e-01 7.353235611278047372e+02 3.672458388979390058e-22 4.267192256909493217e-22
9.989999999999999991e-01 7.353971008378885017e+02 0.000000000000000000e+00 0.000000000000000000e+00
