# mx [GeV]: 0.01
# sigma_p [cm^2]: 1e-33
# depth [m]: 1700.0
# loc: MOD
# Columns: gamma/pi, v [km/s], f(v, gamma) [s/km], f[with reflection](v, gamma) [s/km]
1.000000000000000021e-03 1.980000000000000071e+01 1.520836609205232565e-05 1.098879248552681414e-05
1.000000000000000021e-03 2.000000000000000000e+01 1.550405393907448577e-05 1.121142444521126397e-05
1.000000000000000021e-03 2.256436407452904191e+01 1.952020336663102306e-05 1.426228507718795893e-05
1.000000000000000021e-03 2.545752630439483966e+01 2.453688519247185001e-05 1.814037996058363549e-05
1.000000000000000021e-03 2.872164459846324647e+01 3.078466812194500510e-05 2.306815101271943275e-05
1.000000000000000021e-03 3.240428227694775387e+01 3.853821151794737239e-05 2.932667739800937952e-05
1.000000000000000021e-03 3.655910114354289675e+01 4.812006922411213322e-05 3.727037588130131151e-05
1.000000000000000021e-03 4.124664342202164136e+01 5.990207135595944084e-05 4.734488426049880726e-05
1.000000000000000021e-03 4.653521395133875416e+01 7.430229939715652949e-05 6.010846134473718728e-05
1.000000000000000021e-03 5.250187549420550681e+01 9.177474206816621201e-05 7.625697609678045265e-05
1.000000000000000021e-03 5.923357166234239912e+01 1.127875374131426630e-04 9.665199145791165351e-05
1.000000000000000021e-03 6.682839382118997662e+01 1.377843285307388623e-04 1.223503344058965209e-04
1.000000000000000021e-03 7.539701043486689969e+01 1.671218964589688265e-04 1.546314772575108185e-04
1.000000000000000021e-03 8.506427967917009880e+01 2.009763779975877473e-04 1.950153705724408046e-04
1.000000000000000021e-03 9.597106882091780733e+01 2.392110004188889604e-04 2.452570197444030255e-04
1.000000000000000021e-03 1.082763068748436410e+02 2.812020541560136398e-04 3.072935622342374521e-04
1.000000000000000021e-03 1.187545336346008185e+02 3.151022488216472526e-04 3.640053955762122847e-04
1.000000000000000021e-03 1.221593004484701197e+02 3.256293547191344592e-04 3.831029720204794250e-04
1.000000000000000021e-03 1.310394853899043426e+02 3.517505532770855625e-04 4.342416999780404608e-04
1.000000000000000021e-03 1.378223465204528395e+02 3.702560275321368491e-04 4.744092390080968061e-04
1.000000000000000021e-03 1.433244371452078951e+02 3.842576192617157358e-04 5.075578558215214581e-04
1.000000000000000021e-03 1.554936802246699870e+02 4.117530594638262780e-04 5.821381852701247106e-04
1.000000000000000021e-03 1.556093889005114193e+02 4.119905224702226755e-04 5.828530101843982852e-04
1.000000000000000021e-03 1.678943406558149434e+02 4.345236258331209222e-04 6.589503750786423510e-04
1.000000000000000021e-03 1.754308005938925987e+02 4.456663814667503301e-04 7.055011741691106456e-04
1.000000000000000021e-03 1.801792924111184675e+02 4.516259078578891664e-04 7.346175471630794025e-04
1.000000000000000021e-03 1.924642441664220200e+02 4.632437880364938709e-04 8.085910564965898472e-04
1.000000000000000021e-03 1.979242227243346974e+02 4.666687435909405018e-04 8.405926383286142821e-04
1.000000000000000021e-03 2.047491959217255442e+02 4.694805576375472877e-04 8.796044093013579736e-04
1.000000000000000021e-03 2.170341476770290683e+02 4.705735184393016433e-04 9.464186204125706872e-04
1.000000000000000021e-03 2.293190994323326208e+02 4.668698843267146312e-04 1.007854017281447192e-03
1.000000000000000021e-03 2.416040511876361450e+02 4.588024175930353627e-04 1.062821954611706341e-03
1.000000000000000021e-03 2.538890029429396691e+02 4.468656604889401367e-04 1.110355017509708246e-03
1.000000000000000021e-03 2.661739546982432216e+02 4.315934907492345704e-04 1.149634316244646645e-03
1.000000000000000021e-03 2.784589064535467742e+02 4.135385853084189438e-04 1.180012586119676479e-03
1.000000000000000021e-03 2.907438582088502699e+02 3.932542267685561351e-04 1.201031994405515587e-03
1.000000000000000021e-03 3.030288099641538224e+02 3.712787394289541608e-04 1.212435810321175816e-03
1.000000000000000021e-03 3.153137617194573750e+02 3.475444399437591352e-04 1.213943445082414597e-03
1.000000000000000021e-03 3.275987134747608707e+02 3.217705240112738569e-04 1.205404379546118690e-03
1.000000000000000021e-03 3.398836652300644232e+02 2.960480329155057520e-04 1.187824703518100197e-03
1.000000000000000021e-03 3.521686169853679758e+02 2.704108376398314741e-04 1.161714134301871813e-03
1.000000000000000021e-03 3.644535687406714715e+02 2.458862532704293247e-04 1.127744745985170306e-03
1.000000000000000021e-03 3.767385204959750240e+02 2.219530996500319810e-04 1.086725909408067271e-03
1.000000000000000021e-03 3.890234722512785197e+02 1.987706012816961684e-04 1.039575741367109677e-03
1.000000000000000021e-03 4.013084240065820723e+02 1.779336476030027097e-04 9.872903745645430530e-04
1.000000000000000021e-03 4.135933757618856248e+02 1.583914315465486267e-04 9.309123890682901659e-04
1.000000000000000021e-03 4.258783275171891205e+02 1.381921392501266283e-04 8.714997040802076279e-04
1.000000000000000021e-03 4.381632792724926730e+02 1.202194383262934562e-04 8.100961224196246259e-04
1.000000000000000021e-03 4.504482310277962256e+02 1.044344689441902523e-04 7.477045597769976185e-04
1.000000000000000021e-03 4.627331827830997213e+02 9.003517503082337288e-05 6.852637896210061422e-04
1.000000000000000021e-03 4.750181345384032738e+02 7.660288542216121788e-05 6.236293073664676747e-04
1.000000000000000021e-03 4.829351034473766617e+02 6.881323235623719003e-05 5.846947829345304362e-04
1.000000000000000021e-03 4.895028187188846118e+02 6.266313508194944377e-05 5.530191430070791319e-04
1.000000000000000021e-03 4.960705339903925051e+02 5.694215710740991779e-05 5.220079320756519084e-04
1.000000000000000021e-03 5.026382492619004552e+02 5.167552114884643770e-05 4.917440300040352942e-04
1.000000000000000021e-03 5.092059645334083484e+02 4.691602583216200091e-05 4.623009015223393265e-04
1.000000000000000021e-03 5.157736798049162417e+02 4.245559830060736657e-05 4.337426273562827901e-04
1.000000000000000021e-03 5.223413950764241918e+02 3.837626407514885322e-05 4.061240218711415113e-04
1.000000000000000021e-03 5.289091103479321418e+02 3.501840644976804374e-05 3.794908302182787413e-04
1.000000000000000021e-03 5.354768256194400919e+02 3.170834302758953032e-05 3.538799974117136371e-04
1.000000000000000021e-03 5.420445408909479283e+02 2.864632154758944428e-05 3.293200013514653514e-04
1.000000000000000021e-03 5.486122561624558784e+02 2.576421909408451501e-05 3.058312415456924710e-04
1.000000000000000021e-03 5.551799714339638285e+02 2.308953532879374018e-05 2.834264751590153037e-04
1.000000000000000021e-03 5.617476867054717786e+02 2.130848011058428444e-05 2.621112920215893489e-04
1.000000000000000021e-03 5.683154019769796150e+02 1.908715409869933170e-05 2.418846203626703764e-04
1.000000000000000021e-03 5.748831172484875651e+02 1.709875413690382158e-05 2.227392552721023486e-04
1.000000000000000021e-03 5.814508325199955152e+02 1.551232305815726195e-05 2.046624022309023532e-04
1.000000000000000021e-03 5.880185477915034653e+02 1.387676173889564308e-05 1.876362284745741705e-04
1.000000000000000021e-03 5.945862630630113017e+02 1.235559173517391800e-05 1.716384154462341895e-04
1.000000000000000021e-03 6.011539783345192518e+02 1.115754826014133554e-05 1.566427061471398891e-04
1.000000000000000021e-03 6.077216936060272019e+02 1.012757471110979038e-05 1.426194417860109564e-04
1.000000000000000021e-03 6.142894088775351520e+02 9.129772925936485730e-06 1.295360827522574945e-04
1.000000000000000021e-03 6.208571241490431021e+02 8.167288510571569959e-06 1.173577095791060524e-04
1.000000000000000021e-03 6.274248394205509385e+02 7.265334931447387029e-06 1.060475002087604354e-04
1.000000000000000021e-03 6.339925546920588886e+02 6.544133954814782041e-06 9.556718051214473000e-05
1.000000000000000021e-03 6.405602699635668387e+02 5.854430996337928460e-06 8.587744564067013604e-05
1.000000000000000021e-03 6.471279852350746751e+02 5.256892861809171270e-06 7.693835038816554514e-05
1.000000000000000021e-03 6.536957005065826252e+02 4.764278865121861944e-06 6.870966731026265290e-05
1.000000000000000021e-03 6.602634157780905753e+02 4.218437488650162757e-06 6.115121187998974733e-05
1.000000000000000021e-03 6.668311310495985254e+02 3.779783754434460927e-06 5.422313444729800000e-05
1.000000000000000021e-03 6.733988463211064754e+02 3.355276293214871677e-06 4.788617921310653531e-05
1.000000000000000021e-03 6.799665615926143118e+02 2.987674439739750640e-06 4.210191082281348844e-05
1.000000000000000021e-03 6.865342768641222619e+02 2.669068962665530149e-06 3.683290952876568645e-05
1.000000000000000021e-03 6.931019921356302120e+02 2.365278498461478974e-06 3.204293616564889000e-05
1.000000000000000021e-03 6.996697074071380484e+02 2.107237348654980379e-06 2.769706842777817959e-05
1.000000000000000021e-03 7.062374226786459985e+02 1.868665657870863199e-06 2.376181013429288683e-05
1.000000000000000021e-03 7.128051379501539486e+02 1.651986261647036664e-06 2.020517531942082973e-05
1.000000000000000021e-03 7.193728532216618987e+02 1.465407613964040769e-06 1.699674909298769043e-05
1.000000000000000021e-03 7.259405684931698488e+02 1.289661448700236242e-06 1.410772728437946644e-05
1.000000000000000021e-03 7.325082837646776852e+02 1.110174269449796857e-06 1.151093691471969769e-05
1.000000000000000021e-03 7.390759990361856353e+02 9.353904637428181416e-07 9.180839540853022435e-06
1.000000000000000021e-03 7.456437143076935854e+02 7.421067844231246148e-07 7.093519484714102867e-06
1.000000000000000021e-03 7.522114295792014218e+02 5.968241896902398648e-07 5.226658906725951368e-06
1.000000000000000021e-03 7.587791448507093719e+02 4.269045833634339844e-07 3.559501605914706402e-06
1.000000000000000021e-03 7.653468601222173220e+02 2.671516684313134870e-07 2.072807336227637366e-06
1.000000000000000021e-03 7.719145753937252721e+02 9.927938456585468442e-08 7.487983217151582611e-07
1.000000000000000021e-03 7.784822906652332222e+02 0.000000000000000000e+00 0.000000000000000000e+00
1.000000000000000021e-03 7.850500059367411723e+02 0.000000000000000000e+00 0.000000000000000000e+00
1.000000000000000021e-03 7.916177212082490087e+02 0.000000000000000000e+00 0.000000000000000000e+00
1.000000000000000021e-03 7.916968908973387897e+02 0.000000000000000000e+00 0.000000000000000000e+00
5.000000000000000000e-01 1.980000000000000071e+01 1.641521284365387310e-05 1.098879248552681414e-05
5.000000000000000000e-01 2.000000000000000000e+01 1.674791339577951402e-05 1.121142444521126397e-05
5.000000000000000000e-01 2.257971599727900269e+01 2.133656694084135690e-05 1.428164479954166419e-05
5.000000000000000000e-01 2.549217872588887701e+01 2.717872285397866284e-05 1.818962314557822692e-05
5.000000000000000000e-01 2.878030778912242482e+01 3.461444869703800476e-05 2.316205171160482597e-05
5.000000000000000000e-01 3.249255880963305287e+01 4.407455620666299426e-05 2.948575179785149108e-05
5.000000000000000000e-01 3.668363749732002788e+01 5.610382270460668476e-05 3.752283744519107825e-05
5.000000000000000000e-01 4.141530582183104059e+01 7.138947962563291477e-05 4.772917811293161315e-05
5.000000000000000000e-01 4.675729216987002701e+01 9.079567194224273305e-05 6.067650333365409341e-05
5.000000000000000000e-01 5.278831889987311854e+01 1.154042738620101856e-04 7.707821361325628443e-05
5.000000000000000000e-01 5.959726243664655243e+01 1.465616777053640443e-04 9.781835566843471747e-05
5.000000000000000000e-01 6.728446300173915517e+01 1.859295708375951984e-04 1.239820277402647495e-04
5.000000000000000000e-01 7.596320328043486825e+01 2.355346121358853004e-04 1.568832650782127391e-04
5.000000000000000000e-01 8.576137781578960073e+01 2.978061826531754226e-04 1.980824987497390507e-04
5.000000000000000000e-01 9.682337773079363785e+01 3.755811733455733498e-04 2.493788550534421907e-04
5.000000000000000000e-01 1.093122185529294228e+02 4.720372917095303584e-04 3.127512309218258789e-04
5.000000000000000000e-01 1.202990939827044627e+02 5.635582416300150693e-04 3.726311751176911852e-04
5.000000000000000000e-01 1.234119424978819524e+02 5.904879076675850812e-04 3.902042176777102819e-04
5.000000000000000000e-01 1.327438278429842455e+02 6.735192318597148318e-04 4.442532123658892275e-04
5.000000000000000000e-01 1.393303306137350717e+02 7.339285075246082882e-04 4.834490011725490360e-04
5.000000000000000000e-01 1.451885617032640141e+02 7.886863459138960825e-04 5.188841136311908835e-04
5.000000000000000000e-01 1.573019647532564420e+02 9.041682046763442398e-04 5.933170591863152436e-04
5.000000000000000000e-01 1.576332955635437827e+02 9.073576921781473931e-04 5.953669737502037930e-04
5.000000000000000000e-01 1.700780294238235513e+02 1.027688847864305800e-03 6.724678840692184913e-04
5.000000000000000000e-01 1.775916844971260957e+02 1.100325581600364094e-03 7.187777670880032312e-04
5.000000000000000000e-01 1.825227632841033198e+02 1.147724312840523809e-03 7.488983586951732932e-04
5.000000000000000000e-01 1.949674971443831168e+02 1.265437058877578926e-03 8.233422196751425705e-04
5.000000000000000000e-01 2.004984899711741093e+02 1.316471189453578957e-03 8.554462766844254202e-04
5.000000000000000000e-01 2.074122310046628854e+02 1.378774942637041052e-03 8.944860829008987116e-04
5.000000000000000000e-01 2.198569648649426540e+02 1.485712239825854198e-03 9.610522975650397743e-04
5.000000000000000000e-01 2.323016987252224226e+02 1.584304146333156017e-03 1.021832968889693381e-03
5.000000000000000000e-01 2.447464325855021912e+02 1.672741809457841409e-03 1.075723553285436130e-03
5.000000000000000000e-01 2.571911664457819597e+02 1.749405319037193032e-03 1.121754467814539691e-03
5.000000000000000000e-01 2.696359003060617283e+02 1.812912114297017020e-03 1.159119205840560647e-03
5.000000000000000000e-01 2.820806341663414969e+02 1.862158446162167800e-03 1.187197595071687534e-03
5.000000000000000000e-01 2.945253680266212655e+02 1.896351864081908352e-03 1.205573063178675547e-03
5.000000000000000000e-01 3.069701018869010340e+02 1.915033148563840496e-03 1.214043074235995759e-03
5.000000000000000000e-01 3.194148357471808026e+02 1.917276200998990548e-03 1.212122258879553801e-03
5.000000000000000000e-01 3.318595696074605712e+02 1.903803407614706230e-03 1.200308900405014628e-03
5.000000000000000000e-01 3.443043034677403398e+02 1.875766201963608880e-03 1.179379754309619905e-03
5.000000000000000000e-01 3.567490373280201084e+02 1.833866221363845842e-03 1.149926939928086001e-03
5.000000000000000000e-01 3.691937711882998769e+02 1.779291794894654341e-03 1.112704537225102461e-03
5.000000000000000000e-01 3.816385050485796455e+02 1.713248757921186213e-03 1.068600340146630108e-03
5.000000000000000000e-01 3.940832389088594141e+02 1.637257623572243139e-03 1.018604357989085201e-03
5.000000000000000000e-01 4.065279727691391827e+02 1.553136452746944202e-03 9.637755214535400098e-04
5.000000000000000000e-01 4.189727066294190081e+02 1.462440407710976055e-03 9.052080514635479523e-04
5.000000000000000000e-01 4.314174404896987767e+02 1.366945383656592659e-03 8.439988727209111552e-04
5.000000000000000000e-01 4.438621743499785453e+02 1.268335660667984722e-03 7.812173098634189522e-04
5.000000000000000000e-01 4.563069082102583138e+02 1.168277873672800889e-03 7.178781052654219490e-04
5.000000000000000000e-01 4.687516420705380824e+02 1.068365873665752096e-03 6.549185598462989788e-04
5.000000000000000000e-01 4.811963759308178510e+02 9.699314723913930866e-04 5.931803388272809119e-04
5.000000000000000000e-01 4.892163155296648256e+02 9.078730797805502351e-04 5.543877045025842436e-04
5.000000000000000000e-01 4.958694526564530065e+02 8.574950399049983615e-04 5.229467000854550384e-04
5.000000000000000000e-01 5.025225897832411306e+02 8.081869488275708916e-04 4.922700886929927844e-04
5.000000000000000000e-01 5.091757269100293115e+02 7.601385502642056665e-04 4.624344751197314923e-04
5.000000000000000000e-01 5.158288640368174356e+02 7.134897594588969060e-04 4.335065813550010379e-04
5.000000000000000000e-01 5.224820011636055597e+02 6.683078900029665445e-04 4.055433710529771519e-04
5.000000000000000000e-01 5.291351382903937974e+02 6.246878293648229843e-04 3.785922599472329249e-04
5.000000000000000000e-01 5.357882754171819215e+02 5.826643170825534547e-04 3.526914039205752385e-04
5.000000000000000000e-01 5.424414125439700456e+02 5.423732337789465788e-04 3.278700559867993064e-04
5.000000000000000000e-01 5.490945496707581697e+02 5.037866827288755948e-04 3.041489831508683499e-04
5.000000000000000000e-01 5.557476867975464074e+02 4.669573390295813677e-04 2.815409339808507667e-04
5.000000000000000000e-01 5.624008239243345315e+02 4.318497266447915840e-04 2.600511477395526009e-04
5.000000000000000000e-01 5.690539610511226556e+02 3.985757406204791953e-04 2.396778960746523478e-04
5.000000000000000000e-01 5.757070981779107797e+02 3.670606417303321758e-04 2.204130485403200978e-04
5.000000000000000000e-01 5.823602353046990174e+02 3.372861247411995840e-04 2.022426536063765608e-04
5.000000000000000000e-01 5.890133724314871415e+02 3.092312461760731053e-04 1.851475272879374691e-04
5.000000000000000000e-01 5.956665095582752656e+02 2.828574194564399246e-04 1.691038420834049697e-04
5.000000000000000000e-01 6.023196466850633897e+02 2.580996101009018430e-04 1.540837095258690021e-04
5.000000000000000000e-01 6.089727838118516274e+02 2.349986335571436125e-04 1.400557503167825142e-04
5.000000000000000000e-01 6.156259209386397515e+02 2.134448934542204634e-04 1.269856467060813778e-04
5.000000000000000000e-01 6.222790580654278756e+02 1.933905382890097372e-04 1.148366724953218092e-04
5.000000000000000000e-01 6.289321951922161134e+02 1.747501067765606486e-04 1.035701967565508437e-04
5.000000000000000000e-01 6.355853323190042374e+02 1.574870721684637422e-04 9.314615806720935164e-05
5.000000000000000000e-01 6.422384694457923615e+02 1.415063494472110326e-04 8.352350674951327552e-05
5.000000000000000000e-01 6.488916065725804856e+02 1.268042028040578635e-04 7.466061326188789323e-05
5.000000000000000000e-01 6.555447436993686097e+02 1.132141139069350899e-04 6.651564151206327462e-05
5.000000000000000000e-01 6.621978808261568474e+02 1.008174975559828043e-04 5.904688643974944040e-05
5.000000000000000000e-01 6.688510179529449715e+02 8.940481921848749368e-05 5.221307574627480184e-05
5.000000000000000000e-01 6.755041550797330956e+02 7.897906043228316436e-05 4.597363612540249759e-05
5.000000000000000000e-01 6.821572922065213334e+02 6.949250841768050578e-05 4.028892477138942759e-05
5.000000000000000000e-01 6.888104293333094574e+02 6.080009274022888136e-05 3.512042730605328240e-05
5.000000000000000000e-01 6.954635664600975815e+02 5.294171743871930032e-05 3.043092357617149565e-05
5.000000000000000000e-01 7.021167035868857056e+02 4.580936170322633165e-05 2.618462302698820060e-05
5.000000000000000000e-01 7.087698407136738297e+02 3.932953320390166103e-05 2.234727155884556489e-05
5.000000000000000000e-01 7.154229778404620674e+02 3.343495810559585636e-05 1.888623192465545346e-05
5.000000000000000000e-01 7.220761149672501915e+02 2.820344319610388820e-05 1.577053982936928221e-05
5.000000000000000000e-01 7.287292520940383156e+02 2.344032651585821760e-05 1.297093795253452036e-05
5.000000000000000000e-01 7.353823892208265534e+02 1.910381576807267074e-05 1.045989013556096272e-05
5.000000000000000000e-01 7.420355263476146774e+02 1.484785777804448671e-05 8.211577960790429083e-06
5.000000000000000000e-01 7.486886634744028015e+02 1.095213076980557222e-05 6.201881904317303912e-06
5.000000000000000000e-01 7.553418006011909256e+02 7.550758233224125963e-06 4.408349173208144975e-06
5.000000000000000000e-01 7.619949377279790497e+02 4.606651950567022337e-06 2.810150244697782075e-06
5.000000000000000000e-01 7.686480748547672874e+02 2.153471168502643990e-06 1.388026014333198001e-06
5.000000000000000000e-01 7.753012119815554115e+02 1.944809207591101139e-07 1.242273359007555509e-07
5.000000000000000000e-01 7.819543491083436493e+02 0.000000000000000000e+00 0.000000000000000000e+00
5.000000000000000000e-01 7.886074862351317734e+02 0.000000000000000000e+00 0.000000000000000000e+00
5.000000000000000000e-01 7.952606233619198974e+02 0.000000000000000000e+00 0.000000000000000000e+00
5.000000000000000000e-01 8.019137604887080215e+02 0.000000000000000000e+00 0.000000000000000000e+00
5.000000000000000000e-01 8.019939598846964373e+02 0.000000000000000000e+00 0.000000000000000000e+00
9.989999999999999991e-01 1.980000000000000071e+01 1.758437890604311066e-05 1.098879248552681414e-05
9.989999999999999991e-01 2.000000000000000000e+01 1.795255107570732116e-05 1.121142444521126397e-05
9.989999999999999991e-01 2.258087285631340535e+01 2.306647585786438285e-05 1.428310419774343104e-05
9.989999999999999991e-01 2.549479094764957310e+01 2.966061231957485981e-05 1.819333794683323071e-05
9.989999999999999991e-01 2.878473164435822795e+01 3.817153392240818895e-05 2.316914049266574391e-05
9.989999999999999991e-01 3.249921827321770706e+01 4.916670438635657140e-05 2.949776930130513960e-05
9.989999999999999991e-01 3.669303578785531528e+01 6.338369659992326526e-05 3.754192356137012025e-05
9.989999999999999991e-01 4.142803879188591765e+01 8.178050569192776484e-05 4.775825112420237136e-05
9.989999999999999991e-01 4.677406383229974551e+01 1.055993424157785011e-04 6.071950701384991648e-05
9.989999999999999991e-01 5.280995941851238484e+01 1.364460840180948642e-04 7.714042710440633624e-05
9.989999999999999991e-01 5.962474895882493087e+01 1.763865168425891546e-04 9.790677134428028513e-05
9.989999999999999991e-01 6.731894376644153510e+01 2.280578074966145390e-04 1.241057924455199891e-04
9.989999999999999991e-01 7.600602550056639473e+01 2.947878609629150243e-04 1.570541586823429861e-04
9.989999999999999991e-01 8.581411990710019211e+01 3.807039989915709751e-04 1.983153812489171623e-04
9.989999999999999991e-01 9.688788654493306751e+01 4.907920333678980574e-04 2.496919334495023915e-04
9.989999999999999991e-01 1.093906523694025310e+02 6.308320960240054861e-04 3.131658548986427770e-04
9.989999999999999991e-01 1.204162536674198236e+02 7.669826682904139301e-04 3.732880560567433887e-04
9.989999999999999991e-01 1.235068206411328475e+02 8.070823829975053284e-04 3.907436748500464868e-04
9.989999999999999991e-01 1.328731074950839570e+02 9.332501347239181627e-04 4.450149612092783825e-04
9.989999999999999991e-01 1.394445906892462119e+02 1.025502258387009239e-03 4.841354154932318464e-04
9.989999999999999991e-01 1.453299613227480620e+02 1.110357301456098116e-03 5.197449974014981336e-04
9.989999999999999991e-01 1.574390286427266403e+02 1.290208878560077056e-03 5.941650063487601821e-04
9.989999999999999991e-01 1.577868151504121670e+02 1.295457487759402605e-03 5.963169370014927270e-04
9.989999999999999991e-01 1.702436689780763004e+02 1.485369037181089860e-03 6.734924784797011003e-04
9.989999999999999991e-01 1.777555344201446985e+02 1.600784853882079471e-03 7.197827582458532318e-04
9.989999999999999991e-01 1.827005228057404338e+02 1.676658574779168629e-03 7.499788387320686011e-04
9.989999999999999991e-01 1.951573766334045388e+02 1.865735878038867184e-03 8.244558216128864293e-04
9.989999999999999991e-01 2.006937561123663727e+02 1.948106337375624195e-03 8.565663427002943690e-04
9.989999999999999991e-01 2.076142304610686438e+02 2.048956925943993569e-03 8.956064945675074615e-04
9.989999999999999991e-01 2.200710842887327772e+02 2.222731199271084368e-03 9.621503147909461805e-04
9.989999999999999991e-01 2.325279381163969106e+02 2.383628998455308064e-03 1.022877322582544171e-03
9.989999999999999991e-01 2.449847919440610156e+02 2.528484448332466317e-03 1.076681879281144762e-03
9.989999999999999991e-01 2.574416457717251205e+02 2.654489984142271043e-03 1.122594381092905476e-03
9.989999999999999991e-01 2.698984995993892539e+02 2.759278458868076774e-03 1.159809432201589982e-03
9.989999999999999991e-01 2.823553534270533873e+02 2.840989562422816580e-03 1.187709107655736873e-03
9.989999999999999991e-01 2.948122072547174639e+02 2.898317968902134386e-03 1.205880168778452688e-03
9.989999999999999991e-01 3.072690610823815973e+02 2.930541487885629081e-03 1.214124395436046991e-03
9.989999999999999991e-01 3.197259149100457307e+02 2.937472238513789014e-03 1.211941714500096908e-03
9.989999999999999991e-01 3.321827687377098641e+02 2.919623719457100763e-03 1.199878469207732706e-03
9.989999999999999991e-01 3.446396225653739975e+02 2.878027551750327734e-03 1.178694848825601266e-03
9.989999999999999991e-01 3.570964763930380741e+02 2.814106098532472358e-03 1.148989324542321619e-03
9.989999999999999991e-01 3.695533302207022075e+02 2.729740391755723812e-03 1.111522249444293767e-03
9.989999999999999991e-01 3.820101840483663409e+02 2.627245758877789876e-03 1.067187365997286554e-03
9.989999999999999991e-01 3.944670378760304175e+02 2.509057852699278241e-03 1.016980082689459457e-03
9.989999999999999991e-01 4.069238917036945509e+02 2.378004811280026633e-03 9.619639875881576610e-04
9.989999999999999991e-01 4.193807455313586843e+02 2.236684513254478916e-03 9.032370656393319541e-04
9.989999999999999991e-01 4.318375993590228177e+02 2.087654224991139420e-03 8.418990076381069549e-04
9.989999999999999991e-01 4.442944531866869511e+02 1.934523469236800949e-03 7.790208516535838696e-04
9.989999999999999991e-01 4.567513070143510276e+02 1.778940119780710863e-03 7.156179958218819755e-04
9.989999999999999991e-01 4.692081608420151611e+02 1.624185655952798801e-03 6.526273809037305652e-04
9.989999999999999991e-01 4.816650146696792945e+02 1.471451190354424853e-03 5.908893791249680057e-04
9.989999999999999991e-01 4.896927649141739494e+02 1.375163131707845361e-03 5.521125099963228441e-04
9.989999999999999991e-01 4.963523815531706873e+02 1.296974801466336440e-03 5.206932797843790654e-04
9.989999999999999991e-01 5.030119981921674253e+02 1.220719097258780124e-03 4.900458364476264822e-04
9.989999999999999991e-01 5.096716148311641632e+02 1.146584546968753464e-03 4.602462823131101563e-04
9.989999999999999991e-01 5.163312314701609012e+02 1.074559720044745070e-03 4.313608044563533011e-04
9.989999999999999991e-01 5.229908481091575823e+02 1.004964256166607358e-03 4.034458064433793577e-04
9.989999999999999991e-01 5.296504647481543770e+02 9.386551616095211662e-04 3.765481259183909354e-04
9.989999999999999991e-01 5.363100813871510582e+02 8.746520629513577366e-04 3.507053296511794928e-04
9.989999999999999991e-01 5.429696980261478529e+02 8.123373190789970550e-04 3.259460772132999080e-04
9.989999999999999991e-01 5.496293146651445340e+02 7.530733506002848521e-04 3.022905441719846349e-04
9.989999999999999991e-01 5.562889313041413288e+02 6.963624207592130190e-04 2.797508955685002146e-04
9.989999999999999991e-01 5.629485479431380099e+02 6.425437803104104475e-04 2.583318004735392771e-04
9.989999999999999991e-01 5.696081645821348047e+02 5.931237119792187248e-04 2.380309785746572836e-04
9.989999999999999991e-01 5.762677812211314858e+02 5.452176569391490972e-04 2.188397700364418607e-04
9.989999999999999991e-01 5.829273978601282806e+02 5.011195388294026028e-04 2.007437202684350089e-04
9.989999999999999991e-01 5.895870144991249617e+02 4.582979320793077586e-04 1.837231717235058605e-04
9.989999999999999991e-01 5.962466311381217565e+02 4.176005043478850289e-04 1.677538554144630096e-04
9.989999999999999991e-01 6.029062477771184376e+02 3.798063971621369475e-04 1.528074754632603727e-04
9.989999999999999991e-01 6.095658644161152324e+02 3.454855338037725364e-04 1.388522806694279571e-04
9.989999999999999991e-01 6.162254810551119135e+02 3.118950006364274558e-04 1.258536177871467866e-04
9.989999999999999991e-01 6.228850976941087083e+02 2.847081550272896697e-04 1.137744619191783345e-04
9.989999999999999991e-01 6.295447143331053894e+02 2.556614888004431728e-04 1.025759201573287225e-04
9.989999999999999991e-01 6.362043309721021842e+02 2.293531848189000772e-04 9.221770531090805459e-05
9.989999999999999991e-01 6.428639476110988653e+02 2.062546686366701276e-04 8.265857725590799836e-05
9.989999999999999991e-01 6.495235642500956601e+02 1.831730035481331578e-04 7.385675009879905182e-05
9.989999999999999991e-01 6.561831808890923412e+02 1.627502207409872552e-04 6.577026397194997301e-05
9.989999999999999991e-01 6.628427975280891360e+02 1.449627649130644735e-04 5.835732085611012416e-05
9.989999999999999991e-01 6.695024141670858171e+02 1.273873635524845767e-04 5.157658435415269456e-05
9.989999999999999991e-01 6.761620308060826119e+02 1.140065185972727156e-04 4.538744381565154492e-05
9.989999999999999991e-01 6.828216474450792930e+02 9.895070302644973811e-05 3.975024363161644490e-05
9.989999999999999991e-01 6.894812640840760878e+02 8.616540234978403657e-05 3.462647888176055040e-05
9.989999999999999991e-01 6.961408807230727689e+02 7.465018916813738394e-05 2.997895882316823499e-05
9.989999999999999991e-01 7.028004973620695637e+02 6.348988957158431090e-05 2.577193996025584441e-05
9.989999999999999991e-01 7.094601140010662448e+02 5.358389971115985447e-05 2.197123063353038436e-05
9.989999999999999991e-01 7.161197306400630396e+02 4.616143229835946378e-05 1.854426921155790658e-05
9.989999999999999991e-01 7.227793472790597207e+02 3.815861747338102951e-05 1.546017807017069078e-05
9.989999999999999991e-01 7.294389639180565155e+02 3.177719026516368845e-05 1.268979559906238636e-05
9.989999999999999991e-01 7.360985805570531966e+02 2.476420004333300534e-05 1.020568849274870824e-05
9.989999999999999991e-01 7.427581971960499914e+02 2.019964884022557063e-05 7.982146564787549338e-06
9.989999999999999991e-01 7.494178138350466725e+02 1.452479620660302249e-05 5.995162275658741181e-06
9.989999999999999991e-01 7.560774304740434673e+02 1.130112090210211904e-05 4.222397090300267081e-06
9.989999999999999991e-01 7.627370471130401484e+02 6.885234780760955885e-06 2.643136685399480360e-06
9.989999999999999991e-01 7.693966637520368295e+02 3.343343479990059642e-06 1.238236913395537309e-06
9.989999999999999991e-01 7.760562803910336243e+02 0.000000000000000000e+00 0.000000000000000000e+00
9.989999999999999991e-01 7.827158970300304190e+02 0.000000000000000000e+00 0.000000000000000000e+00
9.989999999999999991e-01 7.893755136690271001e+02 0.000000000000000000e+00 0.000000000000000000e+00
9.989999999999999991e-01 7.960351303080237813e+02 0.000000000000000000e+00 0.000000000000000000e+00
9.989999999999999991e-01 8.026947469470205760e+02 0.000000000000000000e+00 0.000000000000000000e+00
9.989999999999999991e-01 8.027750244494654908e+02 0.000000000000000000e+00 0.000000000000000000e+00
