# mx [GeV]: 0.01
# sigma_p [cm^2]: 1e-30
# depth [m]: 1700.0
# loc: MOD
# Columns: gamma/pi, v [km/s], f(v, gamma) [s/km], f[with reflection](v, gamma) [s/km]
1.000000000000000021e-03 1.980000000000000071e+01 2.834236648741604234e-10 8.224571501796860140e-01
1.000000000000000021e-03 2.000000000000000000e+01 2.886267063209516234e-10 8.391200589881064875e-01
1.000000000000000021e-03 2.203142087792510750e+01 3.434781836688457619e-10 1.017764814349987779e+00
1.000000000000000021e-03 2.426917529501371718e+01 4.078663618894307833e-10 1.234318738361847911e+00
1.000000000000000021e-03 2.673422076422946958e+01 4.831464848876551083e-10 1.496767405323830680e+00
1.000000000000000021e-03 2.944964347500519963e+01 5.707588693514719261e-10 1.814750228623898121e+00
1.000000000000000021e-03 3.244087450513402615e+01 6.721904426752026321e-10 2.199889165374147026e+00
1.000000000000000021e-03 3.573592799352790195e+01 7.889148454054304714e-10 2.666175835026129981e+00
1.000000000000000021e-03 3.936566350443194295e+01 9.223047972440751045e-10 3.230423776607116437e+00
1.000000000000000021e-03 4.336407504024581527e+01 1.073509700596934946e-09 3.912791152780774162e+00
1.000000000000000021e-03 4.776860940967912939e+01 1.243291251187188992e-09 4.737376049601583539e+00
1.000000000000000021e-03 5.262051693289272691e+01 1.431810609407576419e-09 5.732880509901673527e+00
1.000000000000000021e-03 5.796523776812721707e+01 1.638363137729478600e-09 6.933328857222110564e+00
1.000000000000000021e-03 6.385282747793054625e+01 1.861061749421551483e-09 8.378808082061212303e+00
1.000000000000000021e-03 7.033842582059145343e+01 2.096478690412473549e-09 1.011616909132025199e+01
1.000000000000000021e-03 7.540826760908278459e+01 2.270807896192246198e-09 1.157674698107736688e+01
1.000000000000000021e-03 7.748277315720824276e+01 2.339269348764053744e-09 1.219958155938219946e+01
1.000000000000000021e-03 8.320912287898789828e+01 2.518590676551423037e-09 1.399247461588252683e+01
1.000000000000000021e-03 8.535277931076262803e+01 2.581821522290720196e-09 1.469076344427248060e+01
1.000000000000000021e-03 9.100997814889301196e+01 2.737743276747944622e-09 1.660189793996395835e+01
1.000000000000000021e-03 9.402215020480349494e+01 2.813999738587363782e-09 1.765859716512864352e+01
1.000000000000000021e-03 9.881083341879812565e+01 2.925153654124434928e-09 1.939201720577581156e+01
1.000000000000000021e-03 1.035720781504759032e+02 3.023085125910725697e-09 2.117768281426388199e+01
1.000000000000000021e-03 1.066116886887032535e+02 3.078931459511115709e-09 2.234847746371452715e+01
1.000000000000000021e-03 1.140920022467242774e+02 3.194041978071291085e-09 2.532514756651671917e+01
1.000000000000000021e-03 1.144125439586083672e+02 3.198265662972139827e-09 2.545557285423472749e+01
1.000000000000000021e-03 1.222133992285134809e+02 3.283280070647469793e-09 2.869626901007780617e+01
1.000000000000000021e-03 1.256804460151379885e+02 3.310262188552834012e-09 3.017471627790730793e+01
1.000000000000000021e-03 1.300142544984186088e+02 3.334889998404344041e-09 3.205224570437029996e+01
1.000000000000000021e-03 1.378151097683237083e+02 3.354662951721370489e-09 3.550396141388221594e+01
1.000000000000000021e-03 1.456159650382288362e+02 3.344685723007717130e-09 3.903074093332125472e+01
1.000000000000000021e-03 1.534168203081339357e+02 3.307439871870973715e-09 4.261088659092889230e+01
1.000000000000000021e-03 1.612176755780390636e+02 3.245687113466688652e-09 4.622181299423663603e+01
1.000000000000000021e-03 1.690185308479441915e+02 3.162365716283815483e-09 4.984020459519957313e+01
1.000000000000000021e-03 1.768193861178492909e+02 3.060498612927205803e-09 5.344219472427802486e+01
1.000000000000000021e-03 1.846202413877544188e+02 2.943113563147363833e-09 5.700356412172335752e+01
1.000000000000000021e-03 1.924210966576595183e+02 2.813175383139007833e-09 6.049995640926531593e+01
1.000000000000000021e-03 2.002219519275646462e+02 2.673529972805146516e-09 6.390710741355868407e+01
1.000000000000000021e-03 2.080228071974697741e+02 2.526859635069288191e-09 6.720108478963030052e+01
1.000000000000000021e-03 2.158236624673749020e+02 2.375648989286164648e-09 7.035853401175745603e+01
1.000000000000000021e-03 2.236245177372799731e+02 2.222160632856068354e-09 7.335692651195749647e+01
1.000000000000000021e-03 2.314253730071851010e+02 2.068419599718086978e-09 7.617480556117845936e+01
1.000000000000000021e-03 2.392262282770902289e+02 1.916205598107695502e-09 7.879202541102853274e+01
1.000000000000000021e-03 2.470270835469953568e+02 1.767051979121068222e-09 8.118997924709432823e+01
1.000000000000000021e-03 2.548279388169004847e+02 1.622250388012572368e-09 8.335181164804218668e+01
1.000000000000000021e-03 2.626287940868055557e+02 1.482860077139530788e-09 8.526261149415059037e+01
1.000000000000000021e-03 2.704296493567106836e+02 1.349720908318789825e-09 8.690958161808688942e+01
1.000000000000000021e-03 2.782305046266158115e+02 1.223469138584071115e-09 8.828218193024841298e+01
1.000000000000000021e-03 2.860313598965209394e+02 1.104555162249354625e-09 8.937224326903353244e+01
1.000000000000000021e-03 2.938322151664260673e+02 9.932624699373604890e-10 9.017404980909763879e+01
1.000000000000000021e-03 3.016330704363311384e+02 8.897271776993366489e-10 9.068438849245679023e+01
1.000000000000000021e-03 3.066602882769366829e+02 8.271234935086775120e-10 9.085840273037803172e+01
1.000000000000000021e-03 3.108307398430049489e+02 7.776227293063695694e-10 9.091088965910057595e+01
1.000000000000000021e-03 3.150011914090732716e+02 6.016534579112368033e-10 9.086489245368825607e+01
1.000000000000000021e-03 3.191716429751415376e+02 4.485113314238940396e-10 9.073165146593575514e+01
1.000000000000000021e-03 3.233420945412098035e+02 3.076070327240469362e-10 9.051819422907684043e+01
1.000000000000000021e-03 3.275125461072780695e+02 2.229898649619169827e-10 9.022547390296027459e+01
1.000000000000000021e-03 3.316829976733463923e+02 1.521083029599605435e-10 8.985463189552706353e+01
1.000000000000000021e-03 3.358534492394146582e+02 1.053682348534716649e-10 8.940699221249181505e+01
1.000000000000000021e-03 3.400239008054829242e+02 7.273344408068786418e-11 8.888405514331559232e+01
1.000000000000000021e-03 3.441943523715511901e+02 5.032598232290991707e-11 8.828749032145418596e+01
1.000000000000000021e-03 3.483648039376195129e+02 2.860686980900453744e-11 8.761912919978779257e+01
1.000000000000000021e-03 3.525352555036877789e+02 1.730700977392288125e-11 8.688095698475693496e+01
1.000000000000000021e-03 3.567057070697560448e+02 1.215653154831347505e-11 8.607510407504697980e+01
1.000000000000000021e-03 3.608761586358243676e+02 8.060268481905562120e-12 8.520383705266290519e+01
1.000000000000000021e-03 3.650466102018926335e+02 3.971559386094333516e-12 8.426954927590415423e+01
1.000000000000000021e-03 3.692170617679608995e+02 1.790810981859431053e-12 8.327475112509097244e+01
1.000000000000000021e-03 3.733875133340292223e+02 1.286293919409638780e-12 8.222205995289306202e+01
1.000000000000000021e-03 3.775579649000974882e+02 6.380934880686444176e-13 8.111418979177689437e+01
1.000000000000000021e-03 3.817284164661657542e+02 2.297112290820810274e-13 7.995394087141610839e+01
1.000000000000000021e-03 3.858988680322340201e+02 1.638174211932627997e-13 7.874418899890910950e+01
1.000000000000000021e-03 3.900693195983022861e+02 4.752402507740721315e-14 7.748787485431876121e+01
1.000000000000000021e-03 3.942397711643706089e+02 1.563409928767364357e-14 7.618799325340764028e+01
1.000000000000000021e-03 3.984102227304388748e+02 6.389013427575612940e-15 7.484758242849640908e+01
1.000000000000000021e-03 4.025806742965071408e+02 1.862615198930009537e-15 7.346971337713284811e+01
1.000000000000000021e-03 4.067511258625754635e+02 1.431932984865479133e-15 7.205747932674728418e+01
1.000000000000000021e-03 4.109215774286437295e+02 1.844172640382532227e-16 7.061398536169529905e+01
1.000000000000000021e-03 4.150920289947119954e+02 2.541350520362865957e-17 6.914233825707714232e+01
1.000000000000000021e-03 4.192624805607803182e+02 7.618560932176741718e-18 6.764563656148578730e+01
1.000000000000000021e-03 4.234329321268485842e+02 1.605911957802054259e-18 6.612696096840595317e+01
1.000000000000000021e-03 4.276033836929168501e+02 3.006377617872056996e-19 6.458936501336823710e+01
1.000000000000000021e-03 4.317738352589851729e+02 7.428251811865910366e-21 6.303586613120189241e+01
1.000000000000000021e-03 4.359442868250533820e+02 3.252722507338620621e-21 6.146943710482361922e+01
1.000000000000000021e-03 4.401147383911217048e+02 5.987075189235907025e-23 5.989299793399792549e+01
1.000000000000000021e-03 4.442851899571900276e+02 1.591197088812831256e-25 5.830940814940728245e+01
1.000000000000000021e-03 4.484556415232582367e+02 4.377569787306257611e-26 5.672145959421854400e+01
1.000000000000000021e-03 4.526260930893265595e+02 1.027732412574733656e-28 5.513186969214088151e+01
1.000000000000000021e-03 4.567965446553948254e+02 3.489700526347392050e-32 5.354327521776180276e+01
1.000000000000000021e-03 4.609669962214630914e+02 2.043428877720602633e-36 5.195822658175047337e+01
1.000000000000000021e-03 4.651374477875314142e+02 1.966366977270960967e-44 5.037918264034571791e+01
1.000000000000000021e-03 4.693078993535996801e+02 1.489865619561056388e-57 4.880850603542560151e+01
1.000000000000000021e-03 4.734783509196679461e+02 0.000000000000000000e+00 4.724845906840373999e+01
1.000000000000000021e-03 4.776488024857362689e+02 0.000000000000000000e+00 4.570120010823112011e+01
1.000000000000000021e-03 4.818192540518045348e+02 0.000000000000000000e+00 4.416878053092310807e+01
1.000000000000000021e-03 4.859897056178728008e+02 0.000000000000000000e+00 4.265314218529000101e+01
1.000000000000000021e-03 4.901601571839411235e+02 0.000000000000000000e+00 4.115611537694072553e+01
1.000000000000000021e-03 4.943306087500093327e+02 0.000000000000000000e+00 3.967941736017230170e+01
1.000000000000000021e-03 4.985010603160776554e+02 0.000000000000000000e+00 3.822465132505150365e+01
1.000000000000000021e-03 5.026715118821459214e+02 0.000000000000000000e+00 3.679330586486137378e+01
1.000000000000000021e-03 5.027217840605519541e+02 0.000000000000000000e+00 0.000000000000000000e+00
5.000000000000000000e-01 1.980000000000000071e+01 3.373885882989930112e-10 8.224571501796860140e-01
5.000000000000000000e-01 2.000000000000000000e+01 3.441922865532638020e-10 8.391200589881064875e-01
5.000000000000000000e-01 2.256850487930200089e+01 4.374597827591748351e-10 1.067852725018083149e+00
5.000000000000000000e-01 2.546687062435391269e+01 5.557175277354198600e-10 1.358711719906211535e+00
5.000000000000000000e-01 2.873745969731421468e+01 7.054863093680593581e-10 1.728431117473500755e+00
5.000000000000000000e-01 3.242807496987902027e+01 8.948797188792366605e-10 2.198163604754517220e+00
5.000000000000000000e-01 3.659265840920428303e+01 1.133924979967279221e-09 2.794589998626760163e+00
5.000000000000000000e-01 4.129207949273791201e+01 1.434903716561507289e-09 3.551269315612756827e+00
5.000000000000000000e-01 4.659502487541907811e+01 1.812679558723456512e-09 4.510254544526715037e+00
5.000000000000000000e-01 5.257900231260467905e+01 2.284950119040393738e-09 5.723979395923148417e+00
5.000000000000000000e-01 5.933147351204249276e+01 2.872314486764666176e-09 7.257378086251294214e+00
5.000000000000000000e-01 6.695113247263545020e+01 3.597977249289683433e-09 9.190115293198376278e+00
5.000000000000000000e-01 7.554934799417334546e+01 4.486809455832125798e-09 1.161864580880999931e+01
5.000000000000000000e-01 8.525179144172933832e+01 5.563352911303725735e-09 1.465754227374750407e+01
5.000000000000000000e-01 9.620027355609524022e+01 6.848195976363258529e-09 1.843904483173358599e+01
5.000000000000000000e-01 1.085548171570461307e+02 8.352005054424481628e-09 2.310898234309715349e+01
5.000000000000000000e-01 1.191692802870425538e+02 9.658677260413040419e-09 2.741690233063766158e+01
5.000000000000000000e-01 1.224959960340266605e+02 1.006646333567800321e-08 2.881594577556066739e+01
5.000000000000000000e-01 1.314971368684607569e+02 1.115643772490790180e-08 3.270163666501649402e+01
5.000000000000000000e-01 1.382275742094443842e+02 1.195164653016004728e-08 3.568874423924318506e+01
5.000000000000000000e-01 1.438249934498789457e+02 1.259515935256183126e-08 3.821551834829683258e+01
5.000000000000000000e-01 1.559794841499963240e+02 1.392030044859260734e-08 4.379484481050225497e+01
5.000000000000000000e-01 1.561528500312971346e+02 1.393837433831909457e-08 4.387504018836508379e+01
5.000000000000000000e-01 1.684807066127153234e+02 1.515383172470141521e-08 4.959098829590436708e+01
5.000000000000000000e-01 1.760111874555099689e+02 1.582156530993708587e-08 5.307048531178178052e+01
5.000000000000000000e-01 1.808085631941335123e+02 1.621434016489677559e-08 5.527000413154653558e+01
5.000000000000000000e-01 1.931364197755517012e+02 1.709837739170821896e-08 6.081646771964775411e+01
5.000000000000000000e-01 1.986154671450709372e+02 1.743036305715574624e-08 6.321392272078873020e+01
5.000000000000000000e-01 2.054642763569699184e+02 1.779045492515365608e-08 6.613464463930083070e+01
5.000000000000000000e-01 2.177921329383881073e+02 1.828123845594049431e-08 7.113101885321680129e+01
5.000000000000000000e-01 2.301199895198062961e+02 1.856743546730871207e-08 7.571671723654006314e+01
5.000000000000000000e-01 2.424478461012245134e+02 1.865147144649337123e-08 7.980992100671065259e+01
5.000000000000000000e-01 2.547757026826427023e+02 1.854098404744395179e-08 8.333815492763642396e+01
5.000000000000000000e-01 2.671035592640608911e+02 1.824817049470024598e-08 8.624034751387516451e+01
5.000000000000000000e-01 2.794314158454790800e+02 1.778902720491695024e-08 8.846856436919692612e+01
5.000000000000000000e-01 2.917592724268972688e+02 1.718252203425650277e-08 8.998933167675808420e+01
5.000000000000000000e-01 3.040871290083154577e+02 1.644973885600517775e-08 9.078448672362880245e+01
5.000000000000000000e-01 3.164149855897336465e+02 1.561303156862995850e-08 9.082876203113548286e+01
5.000000000000000000e-01 3.287428421711518354e+02 1.469521934403722704e-08 9.012414210412349291e+01
5.000000000000000000e-01 3.410706987525700242e+02 1.371877531185545178e-08 8.874116724344331431e+01
5.000000000000000000e-01 3.533985553339882699e+02 1.270465793313849192e-08 8.671962438438302456e+01
5.000000000000000000e-01 3.657264119154064588e+02 1.167140077385764773e-08 8.411145272018430319e+01
5.000000000000000000e-01 3.780542684968246476e+02 1.063635709076137832e-08 8.097880483036551880e+01
5.000000000000000000e-01 3.903821250782428365e+02 9.611546538006556615e-09 7.739185080630123537e+01
5.000000000000000000e-01 4.027099816596610253e+02 8.612851555301588076e-09 7.342642643415823045e+01
5.000000000000000000e-01 4.150378382410792142e+02 7.647381376315750848e-09 6.916162816479793207e+01
5.000000000000000000e-01 4.273656948224974030e+02 6.729344625665618666e-09 6.467745381003844329e+01
5.000000000000000000e-01 4.396935514039155919e+02 5.866460129817270825e-09 6.005257921525078757e+01
5.000000000000000000e-01 4.520214079853338376e+02 5.059764375399164337e-09 5.536234840709205685e+01
5.000000000000000000e-01 4.643492645667520264e+02 4.321017945560884994e-09 5.067703893889158451e+01
5.000000000000000000e-01 4.766771211481702153e+02 3.651133040129274146e-09 4.606044650345170055e+01
5.000000000000000000e-01 4.846217398339730948e+02 3.252650723729789884e-09 4.314832833861353123e+01
5.000000000000000000e-01 4.912123926543869743e+02 2.943319455099383970e-09 4.078155106446894251e+01
5.000000000000000000e-01 4.978030454748008538e+02 2.654898294242599473e-09 3.846654474633047016e+01
5.000000000000000000e-01 5.043936982952147332e+02 2.385781528519817367e-09 3.620939131143470036e+01
5.000000000000000000e-01 5.109843511156286127e+02 2.135091117548223783e-09 3.401545808034535412e+01
5.000000000000000000e-01 5.175750039360425490e+02 1.903412165788047291e-09 3.188940193595012929e+01
5.000000000000000000e-01 5.241656567564564284e+02 1.686020593242546840e-09 2.983517996604822287e+01
5.000000000000000000e-01 5.307563095768703079e+02 1.490050437156406930e-09 2.785606602906311480e+01
5.000000000000000000e-01 5.373469623972841873e+02 1.303930185874304638e-09 2.595467265242275801e+01
5.000000000000000000e-01 5.439376152176980668e+02 1.145115688635985480e-09 2.413297764465191975e+01
5.000000000000000000e-01 5.505282680381119462e+02 9.935921542606106126e-10 2.239235478489873543e+01
5.000000000000000000e-01 5.571189208585258257e+02 8.610980801331408016e-10 2.073360794694520237e+01
5.000000000000000000e-01 5.637095736789397051e+02 7.364839070712876007e-10 1.915700801806043430e+01
5.000000000000000000e-01 5.703002264993535846e+02 6.295248102853229619e-10 1.766233198553835493e+01
5.000000000000000000e-01 5.768908793197674640e+02 5.274076027221718849e-10 1.624890358451323280e+01
5.000000000000000000e-01 5.834815321401813435e+02 4.478222815234846913e-10 1.491563492866824880e+01
5.000000000000000000e-01 5.900721849605952229e+02 3.736969278376854988e-10 1.366106857970855870e+01
5.000000000000000000e-01 5.966628377810091024e+02 3.084421795630206077e-10 1.248341955088416633e+01
5.000000000000000000e-01 6.032534906014229819e+02 2.500943951573043650e-10 1.138061678334356763e+01
5.000000000000000000e-01 6.098441434218368613e+02 2.030329302350233060e-10 1.035034368061661070e+01
5.000000000000000000e-01 6.164347962422507408e+02 1.584752940236851690e-10 9.390077335041965512e+00
5.000000000000000000e-01 6.230254490626647339e+02 1.275100450731715192e-10 8.497126129499434910e+00
5.000000000000000000e-01 6.296161018830786134e+02 9.871263982578787866e-11 7.668665447480127462e+00
5.000000000000000000e-01 6.362067547034924928e+02 7.620435954218346348e-11 6.901771273506719595e+00
5.000000000000000000e-01 6.427974075239063723e+02 5.634406261238536443e-11 6.193451513466639469e+00
5.000000000000000000e-01 6.493880603443202517e+02 4.189499988923192864e-11 5.540674909908544166e+00
5.000000000000000000e-01 6.559787131647341312e+02 2.908472917047656780e-11 4.940397470232535504e+00
5.000000000000000000e-01 6.625693659851480106e+02 1.990922381422423662e-11 4.389586365541643609e+00
5.000000000000000000e-01 6.691600188055618901e+02 1.391869302913655542e-11 3.885241294370660903e+00
5.000000000000000000e-01 6.757506716259757695e+02 8.526001528516490079e-12 3.424413338323799127e+00
5.000000000000000000e-01 6.823413244463896490e+02 5.601178973956545568e-12 3.004221365677626654e+00
5.000000000000000000e-01 6.889319772668035284e+02 3.302719006495552602e-12 2.621866064168224320e+00
5.000000000000000000e-01 6.955226300872174079e+02 1.693463701502463572e-12 2.274641705485971332e+00
5.000000000000000000e-01 7.021132829076312873e+02 9.666197014254579772e-13 1.959945761520481389e+00
5.000000000000000000e-01 7.087039357280451668e+02 4.685936476629692127e-13 1.675286506263864439e+00
5.000000000000000000e-01 7.152945885484591599e+02 1.825293770182626076e-13 1.418288747676573092e+00
5.000000000000000000e-01 7.218852413688730394e+02 7.492945182907293860e-14 1.186697840969012319e+00
5.000000000000000000e-01 7.284758941892869188e+02 2.355203709906957064e-14 9.783821389115219258e-01
5.000000000000000000e-01 7.350665470097007983e+02 3.380424696142549607e-15 7.913340362342755618e-01
5.000000000000000000e-01 7.416571998301146778e+02 8.228249661425594327e-16 6.236697642121410423e-01
5.000000000000000000e-01 7.482478526505285572e+02 3.133005113643974919e-17 4.736280884512218958e-01
5.000000000000000000e-01 7.548385054709424367e+02 8.279559830861202399e-19 3.395680580068043408e-01
5.000000000000000000e-01 7.614291582913563161e+02 5.933544068143531372e-22 2.199659475663214847e-01
5.000000000000000000e-01 7.680198111117701956e+02 0.000000000000000000e+00 1.134115268143038036e-01
5.000000000000000000e-01 7.746104639321840750e+02 0.000000000000000000e+00 1.860378253316451180e-02
5.000000000000000000e-01 7.812011167525979545e+02 0.000000000000000000e+00 0.000000000000000000e+00
5.000000000000000000e-01 7.877917695730118339e+02 0.000000000000000000e+00 0.000000000000000000e+00
5.000000000000000000e-01 7.943824223934257134e+02 0.000000000000000000e+00 0.000000000000000000e+00
5.000000000000000000e-01 7.944618685802837490e+02 0.000000000000000000e+00 0.000000000000000000e+00
9.989999999999999991e-01 1.980000000000000071e+01 4.005861524667752391e-10 8.224571501796860140e-01
9.989999999999999991e-01 2.000000000000000000e+01 4.093681989988318706e-10 8.391200589881064875e-01
9.989999999999999991e-01 2.257988002217631518e+01 5.324955656658049793e-10 1.068926460898814046e+00
9.989999999999999991e-01 2.549254909079383680e+01 6.942470902383190262e-10 1.361443379364513984e+00
9.989999999999999991e-01 2.878093499647822995e+01 9.073983631368162491e-10 1.733641035992064205e+00
9.989999999999999991e-01 3.249350295732669025e+01 1.189209411926348064e-09 2.206991222813962317e+00
9.989999999999999991e-01 3.668496991383337757e+01 1.563089213174953307e-09 2.808602603648106211e+00
9.989999999999999991e-01 4.141711096357526145e+01 2.060900574058748663e-09 3.572603024171648212e+00
9.989999999999999991e-01 4.675966982113462933e+01 2.726148481833564106e-09 4.541794507797450642e+00
9.989999999999999991e-01 5.279138672188992132e+01 3.618374793720660694e-09 5.769585740419905129e+00
9.989999999999999991e-01 5.960115891922927034e+01 4.819171793025311686e-09 7.322161445587100026e+00
9.989999999999999991e-01 6.728935087894302569e+01 6.440306701206383621e-09 9.280758745162023260e+00
9.989999999999999991e-01 7.596927348083283960e+01 8.634467787333978835e-09 1.174375464728254137e+01
9.989999999999999991e-01 8.576885402845530848e+01 1.160898695062537988e-08 1.482797242089099043e+01
9.989999999999999991e-01 9.683252168010371008e+01 1.564233228539795312e-08 1.866810333774935060e+01
9.989999999999999991e-01 1.093233360890764203e+02 2.110175868784672840e-08 2.341229146771309289e+01
9.989999999999999991e-01 1.203156988592298262e+02 2.672594782358143080e-08 2.789657976203771383e+01
9.989999999999999991e-01 1.234253906257701630e+02 2.845748974044368935e-08 2.921059123647216538e+01
9.989999999999999991e-01 1.327621504653570526e+02 3.402654785548536537e-08 3.325825007610360728e+01
9.989999999999999991e-01 1.393465256010067606e+02 3.828299347715563623e-08 3.619106428272053932e+01
9.989999999999999991e-01 1.452086020714842789e+02 4.229547855942974853e-08 3.884505849710480874e+01
9.989999999999999991e-01 1.573213914788924512e+02 5.122083894207024297e-08 4.441586281985726714e+01
9.989999999999999991e-01 1.576550536776114768e+02 5.147824782031135612e-08 4.457037054922767538e+01
9.989999999999999991e-01 1.701015052837387316e+02 6.148673841138660694e-08 5.034178766963421481e+01
9.989999999999999991e-01 1.776149072257611294e+02 6.787845935423200234e-08 5.380764788450875358e+01
9.989999999999999991e-01 1.825479568898659295e+02 7.219954067528121169e-08 5.606282746076070111e+01
9.989999999999999991e-01 1.949944084959931558e+02 8.346376791154017136e-08 6.163493785495334976e+01
9.989999999999999991e-01 2.005261647653830437e+02 8.860064985401638750e-08 6.403783827090869352e+01
9.989999999999999991e-01 2.074408601021203822e+02 9.509835713335343303e-08 6.695978085441349492e+01
9.989999999999999991e-01 2.198873117082476085e+02 1.068987740085194018e-07 7.194169986558571850e+01
9.989999999999999991e-01 2.323337633143748349e+02 1.186429580794927506e-07 7.649026794183704681e+01
9.989999999999999991e-01 2.447802149205020612e+02 1.300982684896495213e-07 8.052280373066460584e+01
9.989999999999999991e-01 2.572266665266292875e+02 1.410291268844424408e-07 8.396673839547752038e+01
9.989999999999999991e-01 2.696731181327564855e+02 1.512050075853138570e-07 8.676172054667169675e+01
9.989999999999999991e-01 2.821195697388836834e+02 1.604083990654930979e-07 8.886135704810844516e+01
9.989999999999999991e-01 2.945660213450109381e+02 1.684423572560675280e-07 9.023450473728264853e+01
9.989999999999999991e-01 3.070124729511381929e+02 1.751372906834069954e-07 9.086605044362295303e+01
9.989999999999999991e-01 3.194589245572653908e+02 1.803566586261988137e-07 9.071951015654512673e+01
9.989999999999999991e-01 3.319053761633925888e+02 1.840013235239024657e-07 8.983268846580047295e+01
9.989999999999999991e-01 3.443518277695198435e+02 1.860123735891229438e-07 8.826354545321729006e+01
9.989999999999999991e-01 3.567982793756470983e+02 1.863723157918904149e-07 8.605646565962412353e+01
9.989999999999999991e-01 3.692447309817742962e+02 1.851046273464079533e-07 8.326795478037263365e+01
9.989999999999999991e-01 3.816911825879014941e+02 1.822717397090857823e-07 7.996452293676605905e+01
9.989999999999999991e-01 3.941376341940287489e+02 1.779716073858817187e-07 7.622032477488713198e+01
9.989999999999999991e-01 4.065840858001559468e+02 1.723330798408667930e-07 7.211466553376631339e+01
9.989999999999999991e-01 4.190305374062831447e+02 1.655103448546942890e-07 6.772948230584550799e+01
9.989999999999999991e-01 4.314769890124103995e+02 1.576767434968773194e-07 6.314690398714187580e+01
9.989999999999999991e-01 4.439234406185375974e+02 1.490182695428086907e-07 5.844698259647625349e+01
9.989999999999999991e-01 4.563698922246648522e+02 1.397270601836349136e-07 5.370567372996951150e+01
9.989999999999999991e-01 4.688163438307920501e+02 1.299951619857226499e-07 4.899312609803379104e+01
9.989999999999999991e-01 4.812627954369193048e+02 1.200088190475827422e-07 4.437232064941479592e+01
9.989999999999999991e-01 4.892838420275346039e+02 1.135208799664396308e-07 4.146904655597447231e+01
9.989999999999999991e-01 4.959378974864301881e+02 1.081454323057435158e-07 3.911607025517768221e+01
9.989999999999999991e-01 5.025919529453257155e+02 1.028012996364042102e-07 3.682038357681210528e+01
9.989999999999999991e-01 5.092460084042212998e+02 9.751043659644866335e-08 3.458771469997277137e+01
9.989999999999999991e-01 5.159000638631168840e+02 9.229317537998311358e-08 3.242305177813469896e+01
9.989999999999999991e-01 5.225541193220124114e+02 8.716815125400237244e-08 3.033065233215055301e+01
9.989999999999999991e-01 5.292081747809079388e+02 8.215225055981201609e-08 2.831405907476007400e+01
9.989999999999999991e-01 5.358622302398035799e+02 7.726058037292691922e-08 2.637612154517810836e+01
9.989999999999999991e-01 5.425162856986991073e+02 7.250645873598373293e-08 2.451902289843268079e+01
9.989999999999999991e-01 5.491703411575946348e+02 6.790142416758232848e-08 2.274431117251626944e+01
9.989999999999999991e-01 5.558243966164902758e+02 6.345526297287281288e-08 2.105293434656165275e+01
9.989999999999999991e-01 5.624784520753858033e+02 5.917605272041241726e-08 1.944527850446550943e+01
9.989999999999999991e-01 5.691325075342813307e+02 5.507022016172157212e-08 1.792120842979728579e+01
9.989999999999999991e-01 5.757865629931768581e+02 5.114261175874558002e-08 1.648010997847214298e+01
9.989999999999999991e-01 5.824406184520724992e+02 4.739657513736827399e-08 1.512093360445950196e+01
9.989999999999999991e-01 5.890946739109680266e+02 4.383404896128995212e-08 1.384223844960299843e+01
9.989999999999999991e-01 5.957487293698635540e+02 4.045565910258344779e-08 1.264223645027065679e+01
9.989999999999999991e-01 6.024027848287591951e+02 3.726081997737905949e-08 1.151883595984614495e+01
9.989999999999999991e-01 6.090568402876547225e+02 3.424784716578542853e-08 1.046968443584621156e+01
9.989999999999999991e-01 6.157108957465502499e+02 3.141401307208759272e-08 9.492209792566697502e+00
9.989999999999999991e-01 6.223649512054457773e+02 2.875585874532961585e-08 8.583660073550245073e+00
9.989999999999999991e-01 6.290190066643414184e+02 2.626884930497345829e-08 7.741141151822486854e+00
9.989999999999999991e-01 6.356730621232369458e+02 2.394778198174504082e-08 6.961652218849898155e+00
9.989999999999999991e-01 6.423271175821325869e+02 2.178750582678749727e-08 6.242118874708567411e+00
9.989999999999999991e-01 6.489811730410281143e+02 1.978009880926906252e-08 5.579423681309126692e+00
9.989999999999999991e-01 6.556352284999236417e+02 1.791994663906426999e-08 4.970434087089479647e+00
9.989999999999999991e-01 6.622892839588191691e+02 1.620173224534744648e-08 4.412027674874085648e+00
9.989999999999999991e-01 6.689433394177148102e+02 1.461025105883902828e-08 3.901114724217754848e+00
9.989999999999999991e-01 6.755973948766103376e+02 1.315946173819223468e-08 3.434658115226147945e+00
9.989999999999999991e-01 6.822514503355058650e+02 1.180638074740976472e-08 3.009690632396326393e+00
9.989999999999999991e-01 6.889055057944015061e+02 1.056318269698330575e-08 2.623329754363878941e+00
9.989999999999999991e-01 6.955595612532970335e+02 9.428834820036488141e-09 2.272790038579851846e+00
9.989999999999999991e-01 7.022136167121925610e+02 8.373099296727867212e-09 1.955393228948911544e+00
9.989999999999999991e-01 7.088676721710880884e+02 7.383940818542830334e-09 1.668576229483886175e+00
9.989999999999999991e-01 7.155217276299837295e+02 6.521811869394903008e-09 1.409897098271012839e+00
9.989999999999999991e-01 7.221757830888792569e+02 5.671512584022589976e-09 1.177039223741484175e+00
9.989999999999999991e-01 7.288298385477748980e+02 4.916713592755690316e-09 9.678138496904438171e-01
9.989999999999999991e-01 7.354838940066704254e+02 4.070116865788304774e-09 7.801611169821249803e-01
9.989999999999999991e-01 7.421379494655659528e+02 3.485783239205669926e-09 6.121497887545874761e-01
9.989999999999999991e-01 7.487920049244614802e+02 2.648467849540209788e-09 4.619758225231401783e-01
9.989999999999999991e-01 7.554460603833570076e+02 2.197238946746717500e-09 3.279599472121582093e-01
9.989999999999999991e-01 7.621001158422526487e+02 1.418593332565097529e-09 2.085443961490352216e-01
9.989999999999999991e-01 7.687541713011482898e+02 7.653422138236957215e-10 1.022889387487297963e-01
9.989999999999999991e-01 7.754082267600438172e+02 0.000000000000000000e+00 7.866344302714930320e-03
9.989999999999999991e-01 7.820622822189393446e+02 0.000000000000000000e+00 0.000000000000000000e+00
9.989999999999999991e-01 7.887163376778348720e+02 0.000000000000000000e+00 0.000000000000000000e+00
9.989999999999999991e-01 7.953703931367303994e+02 0.000000000000000000e+00 0.000000000000000000e+00
9.989999999999999991e-01 8.020244485956260405e+02 0.000000000000000000e+00 0.000000000000000000e+00
9.989999999999999991e-01 8.021046590615321747e+02 0.000000000000000000e+00 0.000000000000000000e+00
