# mx [GeV]: 0.01
# sigma_p [cm^2]: 1e-34
# depth [m]: 1700.0
# loc: MOD
# Columns: gamma/pi, v [km/s], f(v, gamma) [s/km], f[with reflection](v, gamma) [s/km]
1.000000000000000021e-03 1.980000000000000071e+01 1.446927880997597614e-05 8.224571501796858967e-05
1.000000000000000021e-03 2.000000000000000000e+01 1.474957650208448633e-05 8.391200589881063401e-05
1.000000000000000021e-03 2.257912487134781898e+01 1.857668762139122275e-05 1.068855163232764691e-04
1.000000000000000021e-03 2.549084399779587784e+01 2.335537736075942694e-05 1.361261908507667266e-04
1.000000000000000021e-03 2.877804748511399069e+01 2.930269551456432582e-05 1.733294767636209125e-04
1.000000000000000021e-03 3.248915638599829236e+01 3.667568464706187333e-05 2.206404239676558791e-04
1.000000000000000021e-03 3.667883595021013576e+01 4.577382450699015202e-05 2.807670424609259060e-04
1.000000000000000021e-03 4.140880085277380118e+01 5.693859154897832904e-05 3.571183173826153793e-04
1.000000000000000021e-03 4.674872426137766013e+01 7.054801312976012649e-05 4.539694458422618485e-04
1.000000000000000021e-03 5.277726413369266822e+01 8.700315705731270538e-05 5.766547790925359400e-04
1.000000000000000021e-03 5.958322186213765548e+01 1.067023364924517910e-04 7.317844282734354590e-04
1.000000000000000021e-03 6.726685033312136852e+01 1.299975260358988093e-04 9.274715910509100623e-04
1.000000000000000021e-03 7.594133066869058268e+01 1.571263590909702831e-04 1.173541117777197450e-03
1.000000000000000021e-03 8.573443940323400625e+01 1.881127227638675992e-04 1.481660301036902966e-03
1.000000000000000021e-03 9.679043065303110893e+01 2.226305374653400301e-04 1.865281926212647044e-03
1.000000000000000021e-03 1.092721610033159862e+02 2.598307269316783830e-04 2.339205044057615646e-03
1.000000000000000021e-03 1.202392700209673819e+02 2.900564159451919882e-04 2.786451962110411424e-03
1.000000000000000021e-03 1.233634884127947373e+02 2.981434549502062596e-04 2.918425596302919901e-03
1.000000000000000021e-03 1.326778151955502096e+02 3.206797581364389735e-04 3.322106855013847067e-03
1.000000000000000021e-03 1.392719804718780949e+02 3.350897441647830753e-04 3.615755336449351029e-03
1.000000000000000021e-03 1.451163603701330373e+02 3.467119599561798490e-04 3.880303384177936302e-03
1.000000000000000021e-03 1.572319719077225102e+02 3.671708550726242477e-04 4.437446153377124641e-03
1.000000000000000021e-03 1.575549055447158935e+02 3.676471139252600936e-04 4.452399173180185583e-03
1.000000000000000021e-03 1.699934507192987212e+02 3.832007232712923489e-04 5.029175785855530267e-03
1.000000000000000021e-03 1.775080163736359111e+02 3.899475798897975563e-04 5.375856896247625631e-03
1.000000000000000021e-03 1.824319958938815489e+02 3.932915827859223166e-04 5.601005943679196464e-03
1.000000000000000021e-03 1.948705410684643766e+02 3.980190102647304163e-04 6.158054049919258442e-03
1.000000000000000021e-03 2.003987833682789699e+02 3.984599519418445665e-04 6.398311909053066605e-03
1.000000000000000021e-03 2.073090862430472043e+02 3.976367879711896394e-04 6.690503634952356740e-03
1.000000000000000021e-03 2.197476314176300320e+02 3.925251460215445874e-04 7.188803180047787997e-03
1.000000000000000021e-03 2.321861765922128598e+02 3.831620407350081825e-04 7.643920109600270060e-03
1.000000000000000021e-03 2.446247217667956875e+02 3.700948596249528286e-04 8.047591688729083953e-03
1.000000000000000021e-03 2.570632669413785152e+02 3.539135305994202201e-04 8.392561204704900371e-03
1.000000000000000021e-03 2.695018121159613429e+02 3.352258363475491888e-04 8.672788177119616568e-03
1.000000000000000021e-03 2.819403572905441706e+02 3.146355460444262672e-04 8.883622411383842662e-03
1.000000000000000021e-03 2.943789024651269983e+02 2.927237851516769599e-04 9.021933411448291446e-03
1.000000000000000021e-03 3.068174476397098260e+02 2.700338790592175429e-04 9.086188885148043654e-03
1.000000000000000021e-03 3.192559928142926537e+02 2.458760866058054420e-04 9.072812607822286837e-03
1.000000000000000021e-03 3.316945379888754815e+02 2.211273969800884491e-04 8.985349851380495731e-03
1.000000000000000021e-03 3.441330831634583092e+02 1.974551564595328559e-04 8.829677892871643993e-03
1.000000000000000021e-03 3.565716283380411369e+02 1.748191682682199359e-04 8.610204218979176580e-03
1.000000000000000021e-03 3.690101735126239646e+02 1.535384892422021904e-04 8.332548792818394653e-03
1.000000000000000021e-03 3.814487186872067923e+02 1.334869650114526803e-04 8.003333579718843738e-03
1.000000000000000021e-03 3.938872638617896200e+02 1.143590044368455924e-04 7.629947653975343268e-03
1.000000000000000021e-03 4.063258090363724477e+02 9.794904151390400218e-05 7.220298746661319572e-03
1.000000000000000021e-03 4.187643542109553891e+02 8.261744084958169199e-05 6.782562113992478443e-03
1.000000000000000021e-03 4.312028993855382168e+02 6.820213772034183970e-05 6.324937046727272319e-03
1.000000000000000021e-03 4.436414445601210446e+02 5.649749323042172681e-05 5.855420274024407401e-03
1.000000000000000021e-03 4.560799897347038723e+02 4.534240734975096337e-05 5.381604038674411665e-03
1.000000000000000021e-03 4.685185349092867000e+02 3.597515924035348152e-05 4.910504852569369701e-03
1.000000000000000021e-03 4.809570800838695277e+02 2.759881575716798804e-05 4.448427008982591170e-03
1.000000000000000021e-03 4.889730314186006694e+02 2.296221381609322981e-05 4.158024948968239674e-03
1.000000000000000021e-03 4.956228599833063413e+02 1.946769563912602996e-05 3.922622846736285862e-03
1.000000000000000021e-03 5.022726885480120700e+02 1.636902121684139953e-05 3.692913513275743447e-03
1.000000000000000021e-03 5.089225171127177418e+02 1.383112049660839522e-05 3.469472207694235429e-03
1.000000000000000021e-03 5.155723456774234137e+02 1.150310666480005106e-05 3.252800346427269819e-03
1.000000000000000021e-03 5.222221742421291992e+02 9.544051370458500854e-06 3.043326407115940629e-03
1.000000000000000021e-03 5.288720028068348711e+02 8.178733995779190592e-06 2.841407476091554422e-03
1.000000000000000021e-03 5.355218313715405429e+02 6.806673615444551783e-06 2.647331377796447067e-03
1.000000000000000021e-03 5.421716599362462148e+02 5.617357316331466393e-06 2.461319321036769658e-03
1.000000000000000021e-03 5.488214885009520003e+02 4.546506996959417253e-06 2.283528994752914536e-03
1.000000000000000021e-03 5.554713170656576722e+02 3.610954889696643913e-06 2.114058044955955881e-03
1.000000000000000021e-03 5.621211456303633440e+02 2.865378337351644671e-06 1.952947864544391171e-03
1.000000000000000021e-03 5.687709741950690159e+02 2.520810896738284292e-06 1.800187628801049608e-03
1.000000000000000021e-03 5.754208027597748014e+02 2.008608492066727158e-06 1.655718511378208692e-03
1.000000000000000021e-03 5.820706313244804733e+02 1.672810365078181044e-06 1.519438018403313504e-03
1.000000000000000021e-03 5.887204598891861451e+02 1.292062161980027014e-06 1.391204381865620990e-03
1.000000000000000021e-03 5.953702884538918170e+02 9.628078993380583457e-07 1.270840957558807714e-03
1.000000000000000021e-03 6.020201170185976025e+02 7.255558799270492115e-07 1.158140577437921691e-03
1.000000000000000021e-03 6.086699455833032744e+02 6.078681919455316082e-07 1.052869811185010770e-03
1.000000000000000021e-03 6.153197741480089462e+02 4.570767030282163270e-07 9.547730969530319892e-04
1.000000000000000021e-03 6.219696027127146181e+02 3.978885711352695495e-07 8.635767065650906292e-04
1.000000000000000021e-03 6.286194312774202899e+02 2.861731128781309019e-07 7.789925157854264660e-04
1.000000000000000021e-03 6.352692598421260755e+02 2.139731679037848991e-07 7.007215555583106879e-04
1.000000000000000021e-03 6.419190884068317473e+02 1.721923713376442802e-07 6.284573252493514490e-04
1.000000000000000021e-03 6.485689169715374192e+02 1.210481748328377162e-07 5.618888538488040233e-04
1.000000000000000021e-03 6.552187455362432047e+02 8.931689061174243085e-08 5.007034997478489180e-04
1.000000000000000021e-03 6.618685741009488765e+02 7.203865410895279215e-08 4.445894840264814473e-04
1.000000000000000021e-03 6.685184026656545484e+02 5.423118422308209797e-08 3.932381561568008875e-04
1.000000000000000021e-03 6.751682312303602203e+02 4.193755442527280785e-08 3.463459945998085643e-04
1.000000000000000021e-03 6.818180597950658921e+02 2.847356928385700530e-08 3.036163479388996307e-04
1.000000000000000021e-03 6.884678883597716776e+02 2.096889718871035877e-08 2.647609249402639261e-04
1.000000000000000021e-03 6.951177169244773495e+02 1.322440836876796061e-08 2.295010442589202155e-04
1.000000000000000021e-03 7.017675454891830213e+02 6.673165788925275339e-09 1.975686564264131340e-04
1.000000000000000021e-03 7.084173740538888069e+02 3.731773643540592663e-09 1.687071522762013422e-04
1.000000000000000021e-03 7.150672026185944787e+02 1.878176694540920635e-09 1.426719731050393682e-04
1.000000000000000021e-03 7.217170311833001506e+02 1.445287227110874902e-11 1.192310386573947062e-04
1.000000000000000021e-03 7.283668597480058224e+02 2.064585292764103401e-12 9.816500948303435916e-05
1.000000000000000021e-03 7.350166883127114943e+02 1.995671535353713492e-13 7.926740038569912174e-05
1.000000000000000021e-03 7.416665168774172798e+02 1.389396455830838307e-14 6.234456158562618529e-05
1.000000000000000021e-03 7.483163454421229517e+02 2.412020180895987883e-15 4.721554389358192049e-05
1.000000000000000021e-03 7.549661740068286235e+02 3.229188327963706467e-16 3.371186367228424673e-05
1.000000000000000021e-03 7.616160025715344091e+02 2.927629525403804800e-17 2.167718267538610864e-05
1.000000000000000021e-03 7.682658311362399672e+02 3.226423731315297506e-18 1.096691703604620178e-05
1.000000000000000021e-03 7.749156597009457528e+02 0.000000000000000000e+00 1.447788756615734729e-06
1.000000000000000021e-03 7.815654882656514246e+02 0.000000000000000000e+00 0.000000000000000000e+00
1.000000000000000021e-03 7.882153168303570965e+02 0.000000000000000000e+00 0.000000000000000000e+00
1.000000000000000021e-03 7.948651453950628820e+02 0.000000000000000000e+00 0.000000000000000000e+00
1.000000000000000021e-03 8.015149739597685539e+02 0.000000000000000000e+00 0.000000000000000000e+00
1.000000000000000021e-03 8.015951334731158795e+02 0.000000000000000000e+00 0.000000000000000000e+00
5.000000000000000000e-01 1.980000000000000071e+01 1.571776921868915409e-05 8.224571501796858967e-05
5.000000000000000000e-01 2.000000000000000000e+01 1.603632076388795833e-05 8.391200589881063401e-05
5.000000000000000000e-01 2.258097164710460802e+01 2.043204214752942767e-05 1.069029530979612993e-04
5.000000000000000000e-01 2.549501402636709102e+01 2.602903488451291578e-05 1.361705740440938273e-04
5.000000000000000000e-01 2.878510944359647539e+01 3.315327362417467503e-05 1.734141693083380100e-04
5.000000000000000000e-01 3.249978701023275107e+01 4.221770501415204456e-05 2.207839988904228539e-04
5.000000000000000000e-01 3.669383845075019224e+01 5.374448024854535082e-05 2.809950623347127791e-04
5.000000000000000000e-01 4.142912628399133723e+01 6.839221085445965716e-05 3.574656424084507694e-04
5.000000000000000000e-01 4.677549629915623086e+01 8.698890366475049284e-05 4.544831851247902723e-04
5.000000000000000000e-01 5.281180778552465682e+01 1.105709141867699250e-04 5.773979916762875296e-04
5.000000000000000000e-01 5.962709671186349425e+01 1.404275034556552195e-04 7.328406361981234900e-04
5.000000000000000000e-01 6.732188901248768786e+01 1.781490222430945781e-04 9.289500494711244640e-04
5.000000000000000000e-01 7.600968335102533047e+01 2.256737363484573528e-04 1.175582531170243526e-03
5.000000000000000000e-01 8.581862523274509158e+01 2.853227630102807342e-04 1.484442164813458333e-03
5.000000000000000000e-01 9.689339715870562486e+01 3.598027531325374492e-04 1.869021718152266611e-03
5.000000000000000000e-01 1.093973527016188854e+02 4.521391714999523710e-04 2.344157792672116672e-03
5.000000000000000000e-01 1.204262636091882257e+02 5.399456232758670154e-04 2.794297950619765037e-03
5.000000000000000000e-01 1.235149259811779103e+02 5.654757966409745037e-04 2.924869509596634502e-03
5.000000000000000000e-01 1.328841529480697545e+02 6.451009927578384064e-04 3.331205656407433460e-03
5.000000000000000000e-01 1.394543520787601096e+02 7.026351410415765950e-04 3.623954791515134229e-03
5.000000000000000000e-01 1.453420422869513118e+02 7.551609280897175454e-04 3.890586639886414386e-03
5.000000000000000000e-01 1.574507385177911090e+02 8.652809007399024340e-04 4.447575499969762258e-03
5.000000000000000000e-01 1.577999316258328406e+02 8.684862719750667277e-04 4.463746915001228638e-03
5.000000000000000000e-01 1.702578209647143694e+02 9.833039978066008407e-04 5.041415590943347687e-03
5.000000000000000000e-01 1.777695331142960811e+02 1.052473112149904548e-03 5.387863000880664145e-03
5.000000000000000000e-01 1.827157103035959267e+02 1.097737803059517427e-03 5.613914071104060370e-03
5.000000000000000000e-01 1.951735996424774555e+02 1.209846340820346436e-03 6.171358765299790605e-03
5.000000000000000000e-01 2.007104393486470428e+02 1.258412421891399405e-03 6.411694314692428266e-03
5.000000000000000000e-01 2.076314889813589843e+02 1.317667888577846082e-03 6.703890811531261137e-03
5.000000000000000000e-01 2.200893783202405416e+02 1.419269769604015194e-03 7.201924128600743075e-03
5.000000000000000000e-01 2.325472676591220988e+02 1.512800454857309278e-03 7.656401445796236042e-03
5.000000000000000000e-01 2.450051569980036277e+02 1.596542010364302355e-03 8.059046906064796373e-03
5.000000000000000000e-01 2.574630463368851565e+02 1.668960435675031139e-03 8.402603495051163066e-03
5.000000000000000000e-01 2.699209356757667138e+02 1.728751472199022664e-03 8.681043939486928623e-03
5.000000000000000000e-01 2.823788250146482142e+02 1.774879644117124261e-03 8.889744821208639056e-03
5.000000000000000000e-01 2.948367143535297714e+02 1.806608616602069445e-03 9.025615393476739759e-03
5.000000000000000000e-01 3.072946036924113287e+02 1.823521394165534019e-03 9.087174845785479793e-03
5.000000000000000000e-01 3.197524930312928291e+02 1.824717491701335686e-03 9.070671013760028475e-03
5.000000000000000000e-01 3.322103823701743863e+02 1.811029615089289856e-03 8.980223685478202697e-03
5.000000000000000000e-01 3.446682717090559436e+02 1.783466175397732407e-03 8.821511950560276955e-03
5.000000000000000000e-01 3.571261610479374440e+02 1.742704437194155962e-03 8.599019138424127476e-03
5.000000000000000000e-01 3.695840503868190581e+02 1.689950015598966956e-03 8.318440132204684562e-03
5.000000000000000000e-01 3.820419397257005585e+02 1.626314138025248580e-03 7.986467958834278166e-03
5.000000000000000000e-01 3.944998290645820589e+02 1.553354449114657853e-03 7.610556211556041874e-03
5.000000000000000000e-01 4.069577184034636730e+02 1.472738248543266825e-03 7.198668297366297465e-03
5.000000000000000000e-01 4.194156077423451734e+02 1.385925175830220483e-03 6.759024493466235517e-03
5.000000000000000000e-01 4.318734970812266738e+02 1.294668136282149315e-03 6.299857204474481470e-03
5.000000000000000000e-01 4.443313864201082879e+02 1.200596856280275807e-03 5.829183708891682268e-03
5.000000000000000000e-01 4.567892757589897883e+02 1.105217417295969616e-03 5.354604170463492935e-03
5.000000000000000000e-01 4.692471650978712887e+02 1.010117231779951398e-03 4.883130888110847299e-03
5.000000000000000000e-01 4.817050544367529028e+02 9.164805453441502705e-04 4.421052796499661333e-03
5.000000000000000000e-01 4.897334720106987902e+02 8.575105609130072521e-04 4.130837296977787898e-03
5.000000000000000000e-01 4.963936422491700569e+02 8.096542554535775997e-04 3.895693903776268219e-03
5.000000000000000000e-01 5.030538124876413235e+02 7.628227409121585796e-04 3.666331674703449464e-03
5.000000000000000000e-01 5.097139827261125902e+02 7.172405818004206225e-04 3.443319875740327718e-03
5.000000000000000000e-01 5.163741529645839137e+02 6.730016969161840531e-04 3.227153541484772785e-03
5.000000000000000000e-01 5.230343232030551235e+02 6.301427820663625017e-04 3.018254465834571600e-03
5.000000000000000000e-01 5.296944934415264470e+02 5.887817616841051378e-04 2.816972835117025498e-03
5.000000000000000000e-01 5.363546636799977705e+02 5.490027211005086638e-04 2.623589440838942129e-03
5.000000000000000000e-01 5.430148339184689803e+02 5.108536357576759111e-04 2.438318405905315952e-03
5.000000000000000000e-01 5.496750041569403038e+02 4.743109302641738295e-04 2.261310356065969994e-03
5.000000000000000000e-01 5.563351743954115136e+02 4.394771613136887189e-04 2.092655967440943451e-03
5.000000000000000000e-01 5.629953446338828371e+02 4.062756237042086638e-04 1.932389821176374147e-03
5.000000000000000000e-01 5.696555148723541606e+02 3.748315520333150592e-04 1.780494497506061608e-03
5.000000000000000000e-01 5.763156851108253704e+02 3.450329717808522934e-04 1.636904843638882284e-03
5.000000000000000000e-01 5.829758553492966939e+02 3.169225034055457363e-04 1.501512352851299380e-03
5.000000000000000000e-01 5.896360255877679037e+02 2.904310589280565107e-04 1.374169595820932694e-03
5.000000000000000000e-01 5.962961958262392272e+02 2.655421173867744677e-04 1.254694649472999461e-03
5.000000000000000000e-01 6.029563660647104371e+02 2.421892165801784824e-04 1.142875473307236947e-03
5.000000000000000000e-01 6.096165363031817606e+02 2.204122741630205635e-04 1.038474188209712523e-03
5.000000000000000000e-01 6.162767065416530841e+02 2.000542204563145188e-04 9.412312180188624590e-04
5.000000000000000000e-01 6.229368767801242939e+02 1.811782636629817936e-04 8.508692594990092777e-04
5.000000000000000000e-01 6.295970470185956174e+02 1.636259352075968357e-04 7.670970517776581205e-04
5.000000000000000000e-01 6.362572172570669409e+02 1.473785912335220851e-04 6.896129216330893277e-04
5.000000000000000000e-01 6.429173874955381507e+02 1.323430778079018213e-04 6.181080861942772186e-04
5.000000000000000000e-01 6.495775577340093605e+02 1.185095159436012647e-04 5.522696995652075008e-04
5.000000000000000000e-01 6.562377279724806840e+02 1.057389381020888041e-04 4.917836345498350714e-04
5.000000000000000000e-01 6.628978982109520075e+02 9.402811320481432584e-05 4.363369949833178010e-04
5.000000000000000000e-01 6.695580684494232173e+02 8.336710705974368263e-05 3.856203581322009081e-04
5.000000000000000000e-01 6.762182386878945408e+02 7.352873119434726219e-05 3.393297501831794957e-04
5.000000000000000000e-01 6.828784089263658643e+02 6.464860359108417272e-05 2.971683609803512944e-04
5.000000000000000000e-01 6.895385791648370741e+02 5.653429654413332243e-05 2.588480068864255110e-04
5.000000000000000000e-01 6.961987494033083976e+02 4.910106133119280619e-05 2.240903529352558405e-04
5.000000000000000000e-01 7.028589196417796074e+02 4.246752578337350300e-05 1.926279073197755020e-04
5.000000000000000000e-01 7.095190898802509309e+02 3.642676316120350267e-05 1.642048027359463067e-04
5.000000000000000000e-01 7.161792601187221408e+02 3.092057167541265147e-05 1.385773802005983788e-04
5.000000000000000000e-01 7.228394303571934643e+02 2.601441519571760850e-05 1.155145917040190665e-04
5.000000000000000000e-01 7.294996005956647878e+02 2.156214797411802340e-05 9.479823847582599661e-05
5.000000000000000000e-01 7.361597708341359976e+02 1.746017142148842600e-05 7.622306176620971942e-05
5.000000000000000000e-01 7.428199410726073211e+02 1.352117025500260930e-05 5.959670290700380517e-05
5.000000000000000000e-01 7.494801113110786446e+02 9.847021485939559253e-06 4.473954905196283690e-05
5.000000000000000000e-01 7.561402815495498544e+02 6.753712048190180815e-06 3.148448043675943240e-05
5.000000000000000000e-01 7.628004517880210642e+02 3.906753789716886752e-06 1.967653427966513933e-05
5.000000000000000000e-01 7.694606220264923877e+02 1.816125498984289367e-06 9.172499595449253748e-06
5.000000000000000000e-01 7.761207922649637112e+02 0.000000000000000000e+00 0.000000000000000000e+00
5.000000000000000000e-01 7.827809625034349210e+02 0.000000000000000000e+00 0.000000000000000000e+00
5.000000000000000000e-01 7.894411327419062445e+02 0.000000000000000000e+00 0.000000000000000000e+00
5.000000000000000000e-01 7.961013029803775680e+02 0.000000000000000000e+00 0.000000000000000000e+00
5.000000000000000000e-01 8.027614732188487778e+02 0.000000000000000000e+00 0.000000000000000000e+00
5.000000000000000000e-01 8.028417573945881713e+02 0.000000000000000000e+00 0.000000000000000000e+00
9.989999999999999991e-01 1.980000000000000071e+01 1.693404941702352041e-05 8.224571501796858967e-05
9.989999999999999991e-01 2.000000000000000000e+01 1.728953746380826114e-05 8.391200589881063401e-05
9.989999999999999991e-01 2.258097866853020008e+01 2.223013763271071498e-05 1.069030193951200615e-04
9.989999999999999991e-01 2.549502988143080273e+01 2.860734115062478768e-05 1.361707428091977156e-04
9.989999999999999991e-01 2.878513629530644735e+01 3.684758057934539734e-05 1.734144913740344419e-04
9.989999999999999991e-01 3.249982743275247543e+01 4.750624048393711459e-05 2.207845449158106000e-04
9.989999999999999991e-01 3.669389549949480767e+01 6.130673159539647230e-05 2.809959295792685704e-04
9.989999999999999991e-01 4.142920357696844036e+01 7.919079105602624502e-05 3.574669635189475932e-04
9.989999999999999991e-01 4.677559811128596579e+01 1.023825006094555785e-04 4.544851393715041072e-04
9.989999999999999991e-01 5.281193915793451055e+01 1.324683561297220456e-04 5.774008190441657631e-04
9.989999999999999991e-01 5.962726357845168934e+01 1.714947432998804758e-04 7.328446545693997330e-04
9.989999999999999991e-01 6.732209834639225221e+01 2.220815505778160625e-04 9.289556746884603455e-04
9.989999999999999991e-01 7.600994333402881864e+01 2.875449403502001967e-04 1.175590298792269150e-03
9.989999999999999991e-01 8.581894545109472006e+01 3.720111017991567775e-04 1.484452750428991987e-03
9.989999999999999991e-01 9.689378882934632031e+01 4.804823684207576722e-04 1.869035949474564086e-03
9.989999999999999991e-01 1.093978289334269363e+02 6.187820599474008971e-04 2.344176640155542189e-03
9.989999999999999991e-01 1.204269750826434091e+02 7.535495558681524564e-04 2.794327816197265252e-03
9.989999999999999991e-01 1.235155020764615159e+02 7.932484862808023875e-04 2.924894031464598653e-03
9.989999999999999991e-01 1.328849380222272032e+02 9.184007114331712608e-04 3.331240287367411620e-03
9.989999999999999991e-01 1.394550458810687985e+02 1.009967506077412034e-03 3.623985992364201370e-03
9.989999999999999991e-01 1.453429009618110115e+02 1.094318581970399112e-03 3.890625774331316067e-03
9.989999999999999991e-01 1.574515708129656559e+02 1.273233670197704542e-03 4.447614039822655498e-03
9.989999999999999991e-01 1.578008639013948198e+02 1.278481855824719834e-03 4.463790094306332307e-03
9.989999999999999991e-01 1.702588268409785996e+02 1.467722384960587143e-03 5.041462156598452114e-03
9.989999999999999991e-01 1.777705280927075364e+02 1.582850772435320363e-03 5.387908670555563613e-03
9.989999999999999991e-01 1.827167897805624079e+02 1.658609295122839920e-03 5.613963169127378361e-03
9.989999999999999991e-01 1.951747527201462162e+02 1.847545072249990412e-03 6.171409359008784602e-03
9.989999999999999991e-01 2.007116251377390199e+02 1.929932622238459197e-03 6.411745197220757898e-03
9.989999999999999991e-01 2.076327156597300245e+02 2.030870094420581320e-03 6.703941703002667084e-03
9.989999999999999991e-01 2.200906785993138328e+02 2.204971583543624460e-03 7.201973988631802694e-03
9.989999999999999991e-01 2.325486415388976411e+02 2.366392646572108936e-03 7.656448851629349232e-03
9.989999999999999991e-01 2.450066044784814210e+02 2.511936986456738980e-03 8.059090385601283199e-03
9.989999999999999991e-01 2.574645674180652009e+02 2.638764999792101145e-03 8.402641575798909176e-03
9.989999999999999991e-01 2.699225303576490091e+02 2.744477338430900432e-03 8.681075200100394490e-03
9.989999999999999991e-01 2.823804932972328174e+02 2.827182579133798342e-03 8.889767943220945601e-03
9.989999999999999991e-01 2.948384562368166257e+02 2.885546387893979641e-03 9.025629210714080156e-03
9.989999999999999991e-01 3.072964191764004340e+02 2.918820441596391320e-03 9.087178389005762941e-03
9.989999999999999991e-01 3.197543821159842423e+02 2.926850328041174457e-03 9.070662648497578723e-03
9.989999999999999991e-01 3.322123450555680506e+02 2.910062629408644280e-03 8.980203957374154750e-03
9.989999999999999991e-01 3.446703079951518589e+02 2.869431142089781325e-03 8.821480655371895241e-03
9.989999999999999991e-01 3.571282709347356104e+02 2.806427037298109706e-03 8.598976360969210614e-03
9.989999999999999991e-01 3.695862338743194186e+02 2.722951929144703381e-03 8.318386242595055685e-03
9.989999999999999991e-01 3.820441968139032269e+02 2.621266926973966037e-03 7.986403597519878619e-03
9.989999999999999991e-01 3.945021597534870352e+02 2.503881120909837166e-03 7.610482264152325892e-03
9.989999999999999991e-01 4.069601226930708435e+02 2.373539455999378479e-03 7.198585860741540075e-03
9.989999999999999991e-01 4.194180856326546518e+02 2.232937363892364968e-03 6.758934834962680022e-03
9.989999999999999991e-01 4.318760485722384601e+02 2.084689936342149896e-03 6.299761716406177513e-03
9.989999999999999991e-01 4.443340115118222684e+02 1.932091092803170460e-03 5.829083860592387811e-03
9.989999999999999991e-01 4.567919744514060767e+02 1.777128287558363403e-03 5.354501460149847271e-03
9.989999999999999991e-01 4.692499373909898281e+02 1.622755331755610861e-03 4.883026796688031898e-03
9.989999999999999991e-01 4.817079003305736364e+02 1.470359115716233546e-03 4.420948745187632152e-03
9.989999999999999991e-01 4.897363653360832245e+02 1.374196427592368035e-03 4.130733980766815132e-03
9.989999999999999991e-01 4.963965749225687318e+02 1.296069783939706940e-03 3.895591591921671731e-03
9.989999999999999991e-01 5.030567845090541823e+02 1.219856931186827581e-03 3.666230702515243384e-03
9.989999999999999991e-01 5.097169940955396896e+02 1.145764922062629011e-03 3.443220555594400222e-03
9.989999999999999991e-01 5.163772036820251969e+02 1.073776313239408614e-03 3.227056161360001164e-03
9.989999999999999991e-01 5.230374132685105906e+02 1.004216089942193500e-03 3.018159288181046594e-03
9.989999999999999991e-01 5.296976228549960979e+02 9.379511126461797296e-04 2.816880096050850771e-03
9.989999999999999991e-01 5.363578324414816052e+02 8.740715041343312050e-04 2.623499349654311637e-03
9.989999999999999991e-01 5.430180420279671125e+02 8.116907215541521508e-04 2.438231144890922516e-03
9.989999999999999991e-01 5.496782516144526198e+02 7.524606234262693101e-04 2.261226080609154629e-03
9.989999999999999991e-01 5.563384612009381271e+02 6.957833676983072972e-04 2.092574806399862507e-03
9.989999999999999991e-01 5.629986707874235208e+02 6.419976025353248562e-04 1.932311877498257358e-03
9.989999999999999991e-01 5.696588803739090281e+02 5.925644354843774683e-04 1.780419849067289232e-03
9.989999999999999991e-01 5.763190899603945354e+02 5.446932891717967077e-04 1.636833544281533336e-03
9.989999999999999991e-01 5.829792995468800427e+02 5.006627753449162258e-04 1.501444433589604107e-03
9.989999999999999991e-01 5.896395091333654364e+02 4.578710645434785746e-04 1.374105066190724807e-03
9.989999999999999991e-01 5.962997187198509437e+02 4.172033147371714346e-04 1.254633498997334779e-03
9.989999999999999991e-01 6.029599283063364510e+02 3.794374139037582651e-04 1.142817673051694420e-03
9.989999999999999991e-01 6.096201378928219583e+02 3.451423545785111346e-04 1.038419692401791345e-03
9.989999999999999991e-01 6.162803474793074656e+02 3.116095451345768201e-04 9.411799657069944017e-04
9.989999999999999991e-01 6.229405570657929729e+02 2.844123740160546727e-04 8.508211762282230726e-04
9.989999999999999991e-01 6.296007666522783666e+02 2.553906084279712325e-04 7.670520512606077927e-04
9.989999999999999991e-01 6.362609762387638739e+02 2.291052066552735510e-04 6.895709073970077109e-04
9.989999999999999991e-01 6.429211858252493812e+02 2.060268160999507428e-04 6.180689531865067674e-04
9.989999999999999991e-01 6.495813954117347748e+02 1.829667775978650684e-04 5.522333357020377384e-04
9.989999999999999991e-01 6.562416049982202821e+02 1.625633256906106657e-04 4.917499221955153564e-04
9.989999999999999991e-01 6.629018145847057895e+02 1.447928064904588125e-04 4.363058123483575315e-04
9.989999999999999991e-01 6.695620241711912968e+02 1.268510984053336141e-04 3.855915805821121868e-04
9.989999999999999991e-01 6.762222337576768041e+02 1.138663191517406091e-04 3.393032514509519660e-04
9.989999999999999991e-01 6.828824433441623114e+02 9.878225544853282743e-05 2.971440142778683838e-04
9.989999999999999991e-01 6.895426529306478187e+02 8.595786962456769997e-05 2.588256859119075293e-04
9.989999999999999991e-01 6.962028625171332124e+02 7.450272962115931979e-05 2.240699327755010708e-04
9.989999999999999991e-01 7.028630721036187197e+02 6.346197874976894306e-05 1.926092652475114536e-04
9.989999999999999991e-01 7.095232816901042270e+02 5.351230895063341944e-05 1.641878189040187519e-04
9.989999999999999991e-01 7.161834912765896206e+02 4.609855196375898530e-05 1.385619382358839946e-04
9.989999999999999991e-01 7.228437008630751279e+02 3.810575273360048267e-05 1.155005792050160096e-04
9.989999999999999991e-01 7.295039104495606352e+02 3.173236915358190979e-05 9.478554741872407402e-05
9.989999999999999991e-01 7.361641200360461426e+02 2.445638862060177453e-05 7.621158882492912894e-05
9.989999999999999991e-01 7.428243296225316499e+02 2.017018471381340272e-05 5.958634969322387635e-05
9.989999999999999991e-01 7.494845392090171572e+02 1.396726007894934892e-05 4.473022228153683230e-05
9.989999999999999991e-01 7.561447487955026645e+02 1.128408396176090816e-05 3.147609202914816538e-05
9.989999999999999991e-01 7.628049583819880581e+02 6.728099667758311081e-06 1.966900139712874471e-05
9.989999999999999991e-01 7.694651679684735655e+02 3.338150053422086309e-06 9.165744628726457671e-06
9.989999999999999991e-01 7.761253775549590728e+02 0.000000000000000000e+00 0.000000000000000000e+00
9.989999999999999991e-01 7.827855871414444664e+02 0.000000000000000000e+00 0.000000000000000000e+00
9.989999999999999991e-01 7.894457967279299737e+02 0.000000000000000000e+00 0.000000000000000000e+00
9.989999999999999991e-01 7.961060063144154810e+02 0.000000000000000000e+00 0.000000000000000000e+00
9.989999999999999991e-01 8.027662159009009883e+02 0.000000000000000000e+00 0.000000000000000000e+00
9.989999999999999991e-01 8.028465005509560797e+02 0.000000000000000000e+00 0.000000000000000000e+00
