# mx [GeV]: 0.001
# sigma_p [cm^2]: 1e-32
# depth [m]: 1700.0
# loc: MOD
# Columns: gamma/pi, v [km/s], f(v, gamma) [s/km], f[with reflection](v, gamma) [s/km]
1.000000000000000021e-03 1.980000000000000071e+01 2.739654171520302956e-05 6.230587277807159035e-12
1.000000000000000021e-03 2.000000000000000000e+01 2.795159287200894694e-05 6.608584612123929620e-12
1.000000000000000021e-03 2.256461970896750913e+01 3.555859627650562275e-05 1.338536003787856342e-11
1.000000000000000021e-03 2.545810313051625684e+01 4.522843205236326818e-05 2.704038086749895378e-11
1.000000000000000021e-03 2.872262078258872720e+01 5.751584213694390675e-05 5.446028906104789114e-11
1.000000000000000021e-03 3.240575075020006324e+01 7.312180795110034446e-05 1.092972419420774895e-10
1.000000000000000021e-03 3.656117210309266596e+01 9.293020542068648954e-05 2.184480230727325260e-10
1.000000000000000021e-03 4.124944723101988586e+01 1.180523848904047588e-04 4.345015093554551327e-10
1.000000000000000021e-03 4.653890449865431833e+01 1.498804899155345676e-04 8.593627117799845175e-10
1.000000000000000021e-03 5.250663408420459177e+01 1.901496577335611904e-04 1.688375481369750547e-09
1.000000000000000021e-03 5.923961151539942449e+01 2.410077858710130182e-04 3.291136856102914674e-09
1.000000000000000021e-03 6.683596527759802086e+01 3.050886780029819540e-04 6.355881923648491073e-09
1.000000000000000021e-03 7.540640696853785130e+01 3.855790328059109174e-04 1.213930500690692667e-08
1.000000000000000021e-03 8.507584484323469098e+01 4.862601449465786888e-04 2.288074973391981107e-08
1.000000000000000021e-03 9.598520426533575289e+01 6.114885307572847858e-04 4.244936385415054365e-08
1.000000000000000021e-03 1.082934815967433479e+02 7.660517876577593432e-04 7.726969456291999617e-08
1.000000000000000021e-03 1.187800985490489722e+02 9.073413258766623371e-04 1.204089732017690559e-07
1.000000000000000021e-03 1.221800614595292416e+02 9.547914412422735947e-04 1.374616418316828425e-07
1.000000000000000021e-03 1.310676949506747349e+02 1.082066012141018243e-03 1.898371193984241708e-07
1.000000000000000021e-03 1.378473311426277519e+02 1.181818575565755708e-03 2.378440912288680986e-07
1.000000000000000021e-03 1.433552913523004975e+02 1.264199660051121537e-03 2.822313877108105234e-07
1.000000000000000021e-03 1.555236302564755704e+02 1.449063211448833269e-03 3.978828180219968285e-07
1.000000000000000021e-03 1.556428877539262317e+02 1.450887367440026852e-03 3.991366349623892841e-07
1.000000000000000021e-03 1.679304841555519943e+02 1.639062341817440829e-03 5.405740087624452821e-07
1.000000000000000021e-03 1.754665786247721826e+02 1.753822034539690268e-03 6.388076438408840312e-07
1.000000000000000021e-03 1.802180805571777569e+02 1.825498611346749534e-03 7.048733796510886169e-07
1.000000000000000021e-03 1.925056769588035195e+02 2.006876534901528338e-03 8.886657468201137141e-07
1.000000000000000021e-03 1.979668309150816299e+02 2.084991108819328563e-03 9.753720292665818949e-07
1.000000000000000021e-03 2.047932733604292821e+02 2.179859396036936889e-03 1.087034353042014239e-06
1.000000000000000021e-03 2.170808697620550447e+02 2.341178488241869859e-03 1.293805560390113151e-06
1.000000000000000021e-03 2.293684661636808073e+02 2.487723337098493928e-03 1.501946684324685848e-06
1.000000000000000021e-03 2.416560625653065415e+02 2.616633119011336096e-03 1.704029131726971126e-06
1.000000000000000021e-03 2.539436589669323041e+02 2.725384976250797616e-03 1.892711743929445688e-06
1.000000000000000021e-03 2.662312553685580951e+02 2.811874830188212243e-03 2.061200928254951238e-06
1.000000000000000021e-03 2.785188517701838009e+02 2.874486476969179312e-03 2.203650141609796434e-06
1.000000000000000021e-03 2.908064481718095635e+02 2.912145210560532649e-03 2.315470370666711054e-06
1.000000000000000021e-03 3.030940445734353261e+02 2.924352934296641643e-03 2.393534068978854097e-06
1.000000000000000021e-03 3.153816409750610887e+02 2.910613466028840347e-03 2.415918605110287150e-06
1.000000000000000021e-03 3.276692373766868513e+02 2.870884114761895062e-03 2.334654569300119988e-06
1.000000000000000021e-03 3.399568337783126140e+02 2.808025943083145449e-03 2.167555575974068941e-06
1.000000000000000021e-03 3.522444301799383766e+02 2.723444609901812426e-03 1.932135617122922293e-06
1.000000000000000021e-03 3.645320265815640823e+02 2.620019547796256613e-03 1.720230453820753215e-06
1.000000000000000021e-03 3.768196229831899018e+02 2.499493304958378195e-03 1.480717113002747348e-06
1.000000000000000021e-03 3.891072193848156076e+02 2.364606658387396251e-03 1.221833551832622528e-06
1.000000000000000021e-03 4.013948157864414270e+02 2.219753865279964090e-03 1.049487107332539627e-06
1.000000000000000021e-03 4.136824121880671328e+02 2.066496603917621772e-03 8.671607051144782040e-07
1.000000000000000021e-03 4.259700085896929522e+02 1.906683346768644344e-03 6.234752604700508553e-07
1.000000000000000021e-03 4.382576049913186580e+02 1.745107737067491324e-03 4.331789816086663627e-07
1.000000000000000021e-03 4.505452013929443638e+02 1.584999251197095373e-03 3.116600108802486124e-07
1.000000000000000021e-03 4.628327977945701832e+02 1.427737598808902306e-03 2.090634284071111013e-07
1.000000000000000021e-03 4.751203941961958890e+02 1.275103473426812380e-03 1.261263866019625966e-07
1.000000000000000021e-03 4.830390674327991860e+02 1.180420079815108466e-03 9.535076793456836924e-08
1.000000000000000021e-03 4.896081965709940960e+02 1.104243626410302730e-03 8.040535802849592143e-08
1.000000000000000021e-03 4.961773257091890059e+02 1.030512612418142161e-03 7.409518493947617280e-08
1.000000000000000021e-03 5.027464548473839727e+02 9.594151937303615346e-04 7.085054827463664748e-08
1.000000000000000021e-03 5.093155839855788827e+02 8.910917254647515284e-04 6.833715614886072850e-08
1.000000000000000021e-03 5.158847131237738495e+02 8.255102221280450183e-04 6.598622099536225675e-08
1.000000000000000021e-03 5.224538422619687026e+02 7.628198524317138414e-04 6.370059414456395227e-08
1.000000000000000021e-03 5.290229714001636694e+02 7.038626084639126954e-04 6.168362114180288414e-08
1.000000000000000021e-03 5.355921005383585225e+02 6.473435236526844591e-04 5.942866947924406098e-08
1.000000000000000021e-03 5.421612296765534893e+02 5.938538314728555000e-04 5.714955841524449903e-08
1.000000000000000021e-03 5.487303588147484561e+02 5.431606594984374117e-04 5.478308545291104367e-08
1.000000000000000021e-03 5.552994879529433092e+02 4.952907227292501543e-04 5.235572871978111145e-08
1.000000000000000021e-03 5.618686170911382760e+02 4.526451389178543254e-04 5.047419604073156663e-08
1.000000000000000021e-03 5.684377462293331291e+02 4.105232491059219112e-04 4.797431335051756007e-08
1.000000000000000021e-03 5.750068753675280959e+02 3.715823621766725171e-04 4.556748533531243747e-08
1.000000000000000021e-03 5.815760045057230627e+02 3.362748061080577592e-04 4.337368190654533261e-08
1.000000000000000021e-03 5.881451336439179158e+02 3.026708063397458965e-04 4.097116784911297599e-08
1.000000000000000021e-03 5.947142627821128826e+02 2.712397809270110415e-04 3.850561493701410779e-08
1.000000000000000021e-03 6.012833919203078494e+02 2.431108395813482868e-04 3.626934252509305034e-08
1.000000000000000021e-03 6.078525210585027025e+02 2.180325573842297837e-04 3.424016869208998950e-08
1.000000000000000021e-03 6.144216501966976693e+02 1.948157879273127076e-04 3.218277588528853069e-08
1.000000000000000021e-03 6.209907793348925225e+02 1.728720142252390636e-04 2.997710871954483951e-08
1.000000000000000021e-03 6.275599084730874893e+02 1.523806262261239905e-04 2.769377697724004413e-08
1.000000000000000021e-03 6.341290376112824561e+02 1.347706352929239925e-04 2.574047805610973986e-08
1.000000000000000021e-03 6.406981667494773092e+02 1.185357016675566880e-04 2.376238162947039763e-08
1.000000000000000021e-03 6.472672958876722760e+02 1.040338221612515800e-04 2.189439666652115819e-08
1.000000000000000021e-03 6.538364250258671291e+02 9.311686270376777887e-05 2.073865236888821481e-08
1.000000000000000021e-03 6.604055541640620959e+02 7.970693776866442427e-05 1.849517299259372265e-08
1.000000000000000021e-03 6.669746833022570627e+02 6.956075401455006160e-05 1.694902297725222129e-08
1.000000000000000021e-03 6.735438124404519158e+02 5.976342906535963423e-05 1.520832052584734027e-08
1.000000000000000021e-03 6.801129415786468826e+02 5.141492108384100715e-05 1.367497502851635546e-08
1.000000000000000021e-03 6.866820707168417357e+02 4.449155802153439423e-05 1.240373433098164066e-08
1.000000000000000021e-03 6.932511998550367025e+02 3.773536860880787551e-05 1.092824006384230001e-08
1.000000000000000021e-03 6.998203289932316693e+02 3.244475763019591494e-05 9.823537652737173578e-09
1.000000000000000021e-03 7.063894581314265224e+02 2.752300190126345580e-05 8.649137486306072321e-09
1.000000000000000021e-03 7.129585872696214892e+02 2.304861096256408966e-05 7.446025670113397907e-09
1.000000000000000021e-03 7.195277164078163423e+02 1.949865265353539117e-05 6.505526074679098964e-09
1.000000000000000021e-03 7.260968455460113091e+02 1.626321032542272414e-05 5.542554136998650308e-09
1.000000000000000021e-03 7.326659746842062759e+02 1.303318911184075897e-05 4.514445786442363104e-09
1.000000000000000021e-03 7.392351038224012427e+02 1.034534705739463328e-05 3.682781083864458190e-09
1.000000000000000021e-03 7.458042329605960958e+02 7.608283847483947216e-06 2.756556080358652437e-09
1.000000000000000021e-03 7.523733620987909489e+02 5.878046164130365621e-06 2.213183215585343146e-09
1.000000000000000021e-03 7.589424912369859157e+02 3.910569700630296778e-06 1.502251590948808534e-09
1.000000000000000021e-03 7.655116203751808825e+02 2.277601974363287535e-06 9.054769261423204116e-10
1.000000000000000021e-03 7.720807495133758493e+02 7.301281327261806031e-07 2.952187488232070086e-10
1.000000000000000021e-03 7.786498786515707025e+02 0.000000000000000000e+00 0.000000000000000000e+00
1.000000000000000021e-03 7.852190077897655556e+02 0.000000000000000000e+00 0.000000000000000000e+00
1.000000000000000021e-03 7.917881369279605224e+02 0.000000000000000000e+00 0.000000000000000000e+00
1.000000000000000021e-03 7.918673236603265195e+02 0.000000000000000000e+00 0.000000000000000000e+00
5.000000000000000000e-01 1.980000000000000071e+01 2.739654271962835936e-05 7.076335533311766823e-12
5.000000000000000000e-01 2.000000000000000000e+01 2.795159394648847207e-05 7.515587284534579655e-12
5.000000000000000000e-01 2.257973488388903505e+01 3.560612100756731978e-05 1.554592687597304470e-11
5.000000000000000000e-01 2.549222137133576283e+01 4.534931617559160379e-05 3.214880861735871858e-11
5.000000000000000000e-01 2.878038000830856902e+01 5.774635791278301476e-05 6.645872047581091614e-11
5.000000000000000000e-01 3.249266752225937438e+01 7.351232952775166730e-05 1.373194144314008570e-10
5.000000000000000000e-01 3.668379091614841059e+01 9.355001542250376595e-05 2.835615982260374480e-10
5.000000000000000000e-01 4.141551367113238769e+01 1.189959117661505575e-04 5.850938496611557810e-10
5.000000000000000000e-01 4.675756593871253131e+01 1.512752954324985376e-04 1.206065664470208991e-09
5.000000000000000000e-01 5.278867213560444327e+01 1.921664885853956281e-04 2.482922820506661456e-09
5.000000000000000000e-01 5.959771108472443046e+01 2.438729218388153096e-04 5.103230928994424418e-09
5.000000000000000000e-01 6.728502579898460567e+01 3.090985803013139468e-04 1.046681495028864642e-08
5.000000000000000000e-01 7.596390220983531094e+01 3.911168036138610031e-04 2.140959160988191979e-08
5.000000000000000000e-01 8.576223863218767463e+01 4.938123755126972662e-04 4.364000351847210623e-08
5.000000000000000000e-01 9.682443056818112836e+01 6.216595054273850495e-04 8.855163765702441667e-08
5.000000000000000000e-01 1.093134986256524996e+02 7.795694948763067390e-04 1.786308941798861001e-07
5.000000000000000000e-01 1.203010058368834052e+02 9.287376052322899667e-04 3.092055493318308229e-07
5.000000000000000000e-01 1.234134909098800676e+02 9.724964277748171905e-04 3.575933828166661285e-07
5.000000000000000000e-01 1.327459374751816767e+02 1.107074426620349066e-03 5.401226359912722536e-07
5.000000000000000000e-01 1.393321952920170474e+02 1.204623211373671973e-03 7.087071243045264443e-07
5.000000000000000000e-01 1.451908691134799767e+02 1.292792104796267440e-03 8.914624660881235759e-07
5.000000000000000000e-01 1.573042015241998115e+02 1.477868330780367093e-03 1.386173266320668641e-06
5.000000000000000000e-01 1.576358007517782482e+02 1.482967155572271394e-03 1.402212785659251671e-06
5.000000000000000000e-01 1.700807323900765482e+02 1.674479581258288231e-03 2.115891679877958470e-06
5.000000000000000000e-01 1.775943583269142323e+02 1.789387080663402962e-03 2.664443983315144376e-06
5.000000000000000000e-01 1.825256640283748197e+02 1.864070480628730398e-03 3.078855987212145308e-06
5.000000000000000000e-01 1.949705956666730913e+02 2.048411348445484254e-03 4.338037577545882299e-06
5.000000000000000000e-01 2.005016763948056848e+02 2.127784830438833336e-03 5.004616390302715881e-06
5.000000000000000000e-01 2.074155273049713912e+02 2.224182841546304325e-03 5.938190468689992934e-06
5.000000000000000000e-01 2.198604589432696912e+02 2.388160014921449342e-03 7.918784839657789750e-06
5.000000000000000000e-01 2.323053905815679627e+02 2.537300427302248418e-03 1.031073163919263003e-05
5.000000000000000000e-01 2.447503222198662343e+02 2.668831128316650689e-03 1.313315852346248199e-05
5.000000000000000000e-01 2.571952538581645058e+02 2.780330399770644233e-03 1.639047951704006905e-05
5.000000000000000000e-01 2.696401854964627773e+02 2.869800245761355319e-03 2.007000340365336889e-05
5.000000000000000000e-01 2.820851171347611057e+02 2.935726004663448060e-03 2.414030745179368168e-05
5.000000000000000000e-01 2.945300487730593773e+02 2.977120066540069228e-03 2.855056356435203816e-05
5.000000000000000000e-01 3.069749804113577056e+02 2.993547481248918368e-03 3.323094548750427356e-05
5.000000000000000000e-01 3.194199120496559772e+02 2.984091993415342522e-03 3.808997619260596525e-05
5.000000000000000000e-01 3.318648436879542487e+02 2.949803097101102306e-03 4.301629053262057454e-05
5.000000000000000000e-01 3.443097753262525202e+02 2.892810521484165311e-03 4.789795349187529110e-05
5.000000000000000000e-01 3.567547069645507918e+02 2.814661916598478093e-03 5.261525670284163808e-05
5.000000000000000000e-01 3.691996386028490633e+02 2.717467810719929443e-03 5.704695247749220469e-05
5.000000000000000000e-01 3.816445702411473917e+02 2.603423716861075383e-03 6.107213926723999359e-05
5.000000000000000000e-01 3.940895018794456632e+02 2.475137090539760235e-03 6.458967917567521450e-05
5.000000000000000000e-01 4.065344335177439348e+02 2.335576362211393489e-03 6.751118814487123542e-05
5.000000000000000000e-01 4.189793651560422063e+02 2.187341265599109744e-03 6.975678401020826377e-05
5.000000000000000000e-01 4.314242967943404778e+02 2.033240321560239334e-03 7.126793799275227086e-05
5.000000000000000000e-01 4.438692284326388062e+02 1.875907832381584891e-03 7.200480898073543851e-05
5.000000000000000000e-01 4.563141600709370778e+02 1.717967523964597119e-03 7.196501625234044935e-05
5.000000000000000000e-01 4.687590917092353493e+02 1.561782724305805928e-03 7.115901853912115331e-05
5.000000000000000000e-01 4.812040233475336208e+02 1.409355703033191931e-03 6.962387501394364723e-05
5.000000000000000000e-01 4.892240904033258744e+02 1.313985305785884830e-03 6.827606424370002199e-05
5.000000000000000000e-01 4.958773332651416013e+02 1.236955464001397720e-03 6.695962160226038077e-05
5.000000000000000000e-01 5.025305761269573281e+02 1.161925819462069015e-03 6.547249720045837564e-05
5.000000000000000000e-01 5.091838189887730550e+02 1.089151577079869792e-03 6.382998202500275362e-05
5.000000000000000000e-01 5.158370618505887251e+02 1.018814743046775415e-03 6.204757784624419942e-05
5.000000000000000000e-01 5.224903047124045088e+02 9.509909527182685077e-04 6.013405544648078470e-05
5.000000000000000000e-01 5.291435475742201788e+02 8.858266955086111383e-04 5.811646217701362400e-05
5.000000000000000000e-01 5.357967904360359626e+02 8.233236797339503780e-04 5.599680247241947808e-05
5.000000000000000000e-01 5.424500332978516326e+02 7.636611821250008500e-04 5.379857225568129321e-05
5.000000000000000000e-01 5.491032761596674163e+02 7.067800252916682339e-04 5.153273678340195582e-05
5.000000000000000000e-01 5.557565190214830864e+02 6.527382002929622666e-04 4.921865587456207417e-05
5.000000000000000000e-01 5.624097618832988701e+02 6.014443499624162748e-04 4.685802405685229909e-05
5.000000000000000000e-01 5.690630047451145401e+02 5.530496163127197277e-04 4.448494057363475509e-05
5.000000000000000000e-01 5.757162476069302102e+02 5.074255568346750910e-04 4.210323191839127700e-05
5.000000000000000000e-01 5.823694904687459939e+02 4.645112042915952220e-04 3.972193412669107330e-05
5.000000000000000000e-01 5.890227333305616639e+02 4.242583105098226637e-04 3.735703971611752203e-05
5.000000000000000000e-01 5.956759761923774477e+02 3.865808901658189609e-04 3.501324869689180041e-05
5.000000000000000000e-01 6.023292190541931177e+02 3.513774820694067933e-04 3.269648406270295291e-05
5.000000000000000000e-01 6.089824619160089014e+02 3.186840310993702715e-04 3.044091101605076813e-05
5.000000000000000000e-01 6.156357047778245715e+02 2.883208248869179990e-04 2.823634509967818919e-05
5.000000000000000000e-01 6.222889476396403552e+02 2.602010692716367644e-04 2.609640266746224215e-05
5.000000000000000000e-01 6.289421905014560252e+02 2.341886491253446505e-04 2.401713427254909060e-05
5.000000000000000000e-01 6.355954333632718090e+02 2.102115302930442011e-04 2.201148563788358196e-05
5.000000000000000000e-01 6.422486762250874790e+02 1.881162892546114191e-04 2.006376269839212805e-05
5.000000000000000000e-01 6.489019190869032627e+02 1.678852391876832733e-04 1.823476925667763966e-05
5.000000000000000000e-01 6.555551619487189328e+02 1.492637162499005734e-04 1.645597708862630079e-05
5.000000000000000000e-01 6.622084048105346028e+02 1.323613431880467492e-04 1.482349425335103739e-05
5.000000000000000000e-01 6.688616476723503865e+02 1.168650914531738913e-04 1.324203550834992548e-05
5.000000000000000000e-01 6.755148905341661703e+02 1.027769778146837891e-04 1.176668536028550238e-05
5.000000000000000000e-01 6.821681333959818403e+02 9.002087298169001079e-05 1.040082497501137828e-05
5.000000000000000000e-01 6.888213762577975103e+02 7.838024831863539391e-05 9.088363295529349465e-06
5.000000000000000000e-01 6.954746191196132941e+02 6.791138800471351695e-05 7.898220057881228780e-06
5.000000000000000000e-01 7.021278619814289641e+02 5.845509369934793120e-05 6.791844607357534782e-06
5.000000000000000000e-01 7.087811048432447478e+02 4.990515754077757377e-05 5.761517653091471300e-06
5.000000000000000000e-01 7.154343477050604179e+02 4.216495392725820080e-05 4.803823203467462300e-06
5.000000000000000000e-01 7.220875905668762016e+02 3.534137379877238410e-05 3.976279791265278448e-06
5.000000000000000000e-01 7.287408334286918716e+02 2.915891225910664244e-05 3.204931585846177151e-06
5.000000000000000000e-01 7.353940762905076554e+02 2.357121004223020614e-05 2.506905021231806220e-06
5.000000000000000000e-01 7.420473191523233254e+02 1.818341424607341282e-05 1.870880732217837964e-06
5.000000000000000000e-01 7.487005620141389954e+02 1.327981779281310552e-05 1.299418626497536370e-06
5.000000000000000000e-01 7.553538048759547792e+02 9.035752106061782231e-06 8.206404788685816857e-07
5.000000000000000000e-01 7.620070477377705629e+02 5.401439345410763087e-06 4.287108324726768689e-07
5.000000000000000000e-01 7.686602905995862329e+02 2.442334177681013740e-06 1.470908767538633235e-07
5.000000000000000000e-01 7.753135334614019030e+02 2.026317698483278688e-07 5.121177222765042187e-09
5.000000000000000000e-01 7.819667763232176867e+02 0.000000000000000000e+00 0.000000000000000000e+00
5.000000000000000000e-01 7.886200191850333567e+02 0.000000000000000000e+00 0.000000000000000000e+00
5.000000000000000000e-01 7.952732620468491405e+02 0.000000000000000000e+00 0.000000000000000000e+00
5.000000000000000000e-01 8.019265049086648105e+02 0.000000000000000000e+00 0.000000000000000000e+00
5.000000000000000000e-01 8.020067055792227393e+02 0.000000000000000000e+00 0.000000000000000000e+00
9.989999999999999991e-01 1.980000000000000071e+01 2.739654346091755424e-05 7.976301804326342496e-12
9.989999999999999991e-01 2.000000000000000000e+01 2.795159474476420388e-05 8.481339863939838930e-12
9.989999999999999991e-01 2.258087448662395147e+01 3.560970714164819973e-05 1.781479788664604626e-11
9.989999999999999991e-01 2.549479462903323679e+01 4.535844413714951786e-05 3.747755846290674508e-11
9.989999999999999991e-01 2.878473787902269621e+01 5.776377847126393494e-05 7.896751100868244072e-11
9.989999999999999991e-01 3.249922765882909914e+01 7.354186941522603015e-05 1.666729888516875159e-10
9.989999999999999991e-01 3.669304903381186733e+01 9.359694945491838956e-05 3.524164282747877345e-10
9.989999999999999991e-01 4.142805673820220136e+01 1.190674517367215331e-04 7.465210241767099682e-10
9.989999999999999991e-01 4.677408747150399648e+01 1.513812296343338120e-04 1.584266198636200625e-09
9.989999999999999991e-01 5.280998992102007605e+01 1.923200171120583270e-04 3.368153307966255961e-09
9.989999999999999991e-01 5.962478770232154091e+01 2.440917523672934844e-04 7.172543007925458833e-09
9.989999999999999991e-01 6.731899236988608948e+01 3.094063879211674363e-04 1.529536331697396519e-08
9.989999999999999991e-01 7.600608586351965812e+01 3.915452415130725406e-04 3.264884368688367648e-08
9.989999999999999991e-01 8.581419425518505761e+01 4.944040060957213042e-04 6.971342928900840068e-08
9.989999999999999991e-01 9.688797748235504059e+01 6.224724172224714146e-04 1.487630052907319476e-07
9.989999999999999991e-01 1.093907629395953336e+02 7.806851968330935903e-04 3.168247040117754699e-07
9.989999999999999991e-01 1.204164188516598273e+02 9.305315700178273851e-04 5.747225255189666592e-07
9.989999999999999991e-01 1.235069543967518513e+02 9.740342419536378218e-04 6.721622997359616558e-07
9.989999999999999991e-01 1.328732897673487798e+02 1.109283312785130015e-03 1.054268969729801042e-06
9.989999999999999991e-01 1.394447517729120705e+02 1.206767340980206609e-03 1.416906011749639864e-06
9.989999999999999991e-01 1.453301606830377182e+02 1.295498324765666795e-03 1.822881734388456687e-06
9.989999999999999991e-01 1.574392218801280023e+02 1.480918470733885803e-03 2.957321704185323611e-06
9.989999999999999991e-01 1.577870315987266849e+02 1.486280111912354797e-03 2.996794506127418342e-06
9.989999999999999991e-01 1.702439025144156233e+02 1.678541672537289505e-03 4.715838403562248921e-06
9.989999999999999991e-01 1.777557654273456649e+02 1.793849115369152954e-03 6.082700466874014344e-06
9.989999999999999991e-01 1.827007734301045616e+02 1.869061974960460875e-03 7.140947827426453621e-06
9.989999999999999991e-01 1.951576443457935284e+02 2.054553420218596226e-03 1.044919198806583394e-05
9.989999999999999991e-01 2.006940314194330597e+02 2.134520161153920931e-03 1.225148073988298954e-05
9.989999999999999991e-01 2.076145152614824383e+02 2.231738130620070353e-03 1.482623619308524193e-05
9.989999999999999991e-01 2.200713861771714051e+02 2.397430199806777767e-03 2.045637225845898797e-05
9.989999999999999991e-01 2.325282570928603718e+02 2.548620496526803753e-03 2.751051426091377652e-05
9.989999999999999991e-01 2.449851280085492817e+02 2.682560273149122744e-03 3.613280921288285804e-05
9.989999999999999991e-01 2.574419989242382485e+02 2.796839717571591739e-03 4.642673435209487934e-05
9.989999999999999991e-01 2.698988698399272153e+02 2.889457713877108692e-03 5.844171657412368549e-05
9.989999999999999991e-01 2.823557407556161252e+02 2.958879436164706979e-03 7.216139191480520400e-05
9.989999999999999991e-01 2.948126116713050919e+02 3.004078968230382458e-03 8.749460764011799058e-05
9.989999999999999991e-01 3.072694825869940587e+02 3.024564881365268080e-03 1.042701495563343471e-04
9.989999999999999991e-01 3.197263535026829686e+02 3.019255116424911147e-03 1.222359472406610423e-04
9.989999999999999991e-01 3.321832244183719354e+02 2.989189877566233826e-03 1.410632476280769803e-04
9.989999999999999991e-01 3.446400953340609021e+02 2.936776797062085054e-03 1.603558080103345768e-04
9.989999999999999991e-01 3.570969662497498121e+02 2.862977471615012291e-03 1.796637796532962869e-04
9.989999999999999991e-01 3.695538371654387788e+02 2.768967558937831131e-03 1.985016530470692096e-04
9.989999999999999991e-01 3.820107080811277456e+02 2.659253973595476252e-03 2.163692783038457634e-04
9.989999999999999991e-01 3.944675789968166555e+02 2.533960705364525501e-03 2.327743213962624863e-04
9.989999999999999991e-01 4.069244499125056223e+02 2.397679952069038840e-03 2.472553825879857505e-04
9.989999999999999991e-01 4.193813208281945890e+02 2.251281973441286721e-03 2.594033549252862197e-04
9.989999999999999991e-01 4.318381917438834989e+02 2.097276326206183074e-03 2.688805664389058042e-04
9.989999999999999991e-01 4.442950626595724657e+02 1.941495417949874692e-03 2.754362332101757227e-04
9.989999999999999991e-01 4.567519335752614325e+02 1.783236317889570896e-03 2.789159060957816525e-04
9.989999999999999991e-01 4.692088044909503424e+02 1.626974203775817833e-03 2.792677373131423790e-04
9.989999999999999991e-01 4.816656754066393091e+02 1.473076802950675597e-03 2.765404994788241101e-04
9.989999999999999991e-01 4.896934366634166622e+02 1.376405344844649613e-03 2.732146929329726964e-04
9.989999999999999991e-01 4.963530624379219489e+02 1.298062577966223492e-03 2.695665563308407707e-04
9.989999999999999991e-01 5.030126882124271788e+02 1.221707567502993211e-03 2.651491777978561416e-04
9.989999999999999991e-01 5.096723139869324655e+02 1.147490660806969615e-03 2.600064670906092638e-04
9.989999999999999991e-01 5.163319397614377522e+02 1.075391335173127728e-03 2.541828777414754091e-04
9.989999999999999991e-01 5.229915655359429820e+02 1.005728084670601480e-03 2.477357610136767842e-04
9.989999999999999991e-01 5.296511913104483256e+02 9.393593505987081222e-04 2.407651565844546747e-04
9.989999999999999991e-01 5.363108170849535554e+02 8.753005652748223646e-04 2.332865594042279390e-04
9.989999999999999991e-01 5.429704428594588990e+02 8.129280859793296468e-04 2.252927016138589001e-04
9.989999999999999991e-01 5.496300686339641288e+02 7.536129006048350324e-04 2.169340737429985039e-04
9.989999999999999991e-01 5.562896944084693587e+02 6.968539115439707212e-04 2.082260840588248912e-04
9.989999999999999991e-01 5.629493201829747022e+02 6.429908856202486535e-04 1.992582138865877576e-04
9.989999999999999991e-01 5.696089459574799321e+02 5.935318315578889600e-04 1.903140052329704639e-04
9.989999999999999991e-01 5.762685717319851619e+02 5.455878629018738081e-04 1.810787901128199412e-04
9.989999999999999991e-01 5.829281975064905055e+02 5.014569296687873242e-04 1.719540516647049449e-04
9.989999999999999991e-01 5.895878232809957353e+02 4.586022736706677361e-04 1.625729776119811017e-04
9.989999999999999991e-01 5.962474490555009652e+02 4.178737324143727235e-04 1.530882670769124338e-04
9.989999999999999991e-01 6.029070748300063087e+02 3.800514404478147869e-04 1.437238885553142667e-04
9.989999999999999991e-01 6.095667006045115386e+02 3.457058392538333918e-04 1.347151700610930698e-04
9.989999999999999991e-01 6.162263263790168821e+02 3.120912589889396870e-04 1.253848729983681799e-04
9.989999999999999991e-01 6.228859521535221120e+02 2.848857928337805820e-04 1.175140822894013944e-04
9.989999999999999991e-01 6.295455779280273418e+02 2.558184736268236830e-04 1.086065226680343106e-04
9.989999999999999991e-01 6.362052037025326854e+02 2.294919813147832733e-04 1.001238721397123134e-04
9.989999999999999991e-01 6.428648294770379152e+02 2.063780131889203691e-04 9.238494523090692108e-05
9.989999999999999991e-01 6.495244552515432588e+02 1.832807393714125312e-04 8.416604647597471418e-05
9.989999999999999991e-01 6.561840810260484886e+02 1.628445402254194267e-04 7.659662649396047920e-05
9.989999999999999991e-01 6.628437068005537185e+02 1.450457110523344214e-04 6.980412895064733126e-05
9.989999999999999991e-01 6.695033325750589484e+02 1.274550078999383586e-04 6.266226053181926702e-05
9.989999999999999991e-01 6.761629583495642919e+02 1.140700509777387375e-04 5.731008400500465854e-05
9.989999999999999991e-01 6.828225841240696354e+02 9.900417769322165766e-05 5.065515720917294809e-05
9.989999999999999991e-01 6.894822098985748653e+02 8.621033174098916062e-05 4.486649888385837141e-05
9.989999999999999991e-01 6.961418356730800951e+02 7.468900188253154110e-05 3.947357814679228779e-05
9.989999999999999991e-01 7.028014614475853250e+02 6.352362597950050220e-05 3.392196602506932087e-05
9.989999999999999991e-01 7.094610872220906685e+02 5.361128625535681276e-05 2.881005770427812028e-05
9.989999999999999991e-01 7.161207129965958984e+02 4.618468845299796255e-05 2.508269494736534139e-05
9.989999999999999991e-01 7.227803387711012419e+02 3.817748050201763413e-05 2.066332149880960835e-05
9.989999999999999991e-01 7.294399645456064718e+02 3.179263468801405562e-05 1.730706789695770148e-05
9.989999999999999991e-01 7.360995903201117017e+02 2.477284219401209623e-05 1.350313587171550116e-05
9.989999999999999991e-01 7.427592160946170452e+02 2.020909851037439712e-05 1.112612788916394315e-05
9.989999999999999991e-01 7.494188418691222751e+02 1.452511272729339884e-05 8.025251412061227340e-06
9.989999999999999991e-01 7.560784676436276186e+02 1.130620382095244212e-05 6.322661642192468781e-06
9.989999999999999991e-01 7.627380934181328485e+02 6.885770076104153369e-06 3.865071655712025049e-06
9.989999999999999991e-01 7.693977191926380783e+02 3.344780806723948237e-06 1.897445939721191724e-06
9.989999999999999991e-01 7.760573449671433082e+02 0.000000000000000000e+00 0.000000000000000000e+00
9.989999999999999991e-01 7.827169707416486517e+02 0.000000000000000000e+00 0.000000000000000000e+00
9.989999999999999991e-01 7.893765965161539953e+02 0.000000000000000000e+00 0.000000000000000000e+00
9.989999999999999991e-01 7.960362222906592251e+02 0.000000000000000000e+00 0.000000000000000000e+00
9.989999999999999991e-01 8.026958480651644550e+02 0.000000000000000000e+00 0.000000000000000000e+00
9.989999999999999991e-01 8.027761256777322387e+02 0.000000000000000000e+00 0.000000000000000000e+00
