# mx [GeV]: 0.001
# sigma_p [cm^2]: 1e-30
# depth [m]: 1700.0
# loc: MOD
# Columns: gamma/pi, v [km/s], f(v, gamma) [s/km], f[with reflection](v, gamma) [s/km]
1.000000000000000021e-03 1.980000000000000071e+01 2.739575208944731777e-05 6.230372644727627993e-10
1.000000000000000021e-03 2.000000000000000000e+01 2.795075325049568426e-05 6.608347652224322902e-10
1.000000000000000021e-03 2.195771712959133026e+01 3.367500643721612198e-05 1.141353645714711550e-09
1.000000000000000021e-03 2.410706707715740649e+01 4.056754554832416672e-05 1.968377895506162168e-09
1.000000000000000021e-03 2.646680798521531486e+01 4.886488004522247813e-05 3.388799562733905778e-09
1.000000000000000021e-03 2.905753415312832644e+01 5.885043885565932609e-05 5.823017878430918289e-09
1.000000000000000021e-03 3.190185577089154023e+01 7.086337441843931621e-05 9.984082626231602996e-09
1.000000000000000021e-03 3.502459624631283930e+01 8.530873122030643580e-05 1.707663248697503041e-08
1.000000000000000021e-03 3.845300884773416783e+01 1.026690055900394066e-04 2.912659274803410443e-08
1.000000000000000021e-03 4.221701455301094796e+01 1.235169727189634834e-04 4.952316538470175376e-08
1.000000000000000021e-03 4.634946318054274172e+01 1.485293731244961715e-04 8.390100161030805201e-08
1.000000000000000021e-03 5.088642008133826522e+01 1.785005334004840486e-04 1.415609209456544562e-07
1.000000000000000021e-03 5.586748089417906016e+01 2.143540865569189822e-04 2.377248705008956840e-07
1.000000000000000021e-03 6.133611711086155083e+01 2.571493710295958551e-04 3.970541420499821059e-07
1.000000000000000021e-03 6.734005546738922021e+01 3.080763791350990305e-04 6.590185518445157960e-07
1.000000000000000021e-03 7.075674761848851801e+01 3.388029654352177453e-04 8.595347347809255080e-07
1.000000000000000021e-03 7.393169447219611357e+01 3.684285803376464996e-04 1.085856560265906537e-06
1.000000000000000021e-03 7.807641116522870561e+01 4.085719831543324024e-04 1.448001801270305383e-06
1.000000000000000021e-03 8.116856170659259817e+01 4.395355058804168878e-04 1.773921549822049922e-06
1.000000000000000021e-03 8.539607471196890742e+01 4.831551249214815027e-04 2.306955821745032645e-06
1.000000000000000021e-03 8.911381588845689805e+01 5.226252757535428074e-04 2.868964118264184115e-06
1.000000000000000021e-03 9.271573825870909502e+01 5.617356323160060342e-04 3.505927385478340990e-06
1.000000000000000021e-03 9.783679808086088769e+01 6.185699882032215293e-04 4.584962653924172328e-06
1.000000000000000021e-03 1.000354018054492826e+02 6.433290395979321310e-04 5.115890722279830488e-06
1.000000000000000021e-03 1.073550653521894702e+02 7.267727397530518788e-04 7.204992651008984657e-06
1.000000000000000021e-03 1.074136368562243433e+02 7.274444064596757549e-04 7.223812468268098736e-06
1.000000000000000021e-03 1.146747288989296578e+02 8.107233689108419347e-04 9.833810636670088420e-06
1.000000000000000021e-03 1.179279126974808634e+02 8.478067614787278316e-04 1.118857042862574537e-05
1.000000000000000021e-03 1.219943924456698596e+02 8.936646787461198158e-04 1.305044215552231116e-05
1.000000000000000021e-03 1.293140559924100330e+02 9.739283817998519235e-04 1.688577685093527330e-05
1.000000000000000021e-03 1.366337195391502348e+02 1.049729929106642864e-03 2.134932888435003303e-05
1.000000000000000021e-03 1.439533830858904366e+02 1.119220243505500249e-03 2.642600629686215152e-05
1.000000000000000021e-03 1.512730466326306100e+02 1.180553090900128771e-03 3.207415758374916197e-05
1.000000000000000021e-03 1.585927101793708118e+02 1.231966059904814753e-03 3.822516435677054443e-05
1.000000000000000021e-03 1.659123737261110136e+02 1.271871185684099979e-03 4.478474083633781570e-05
1.000000000000000021e-03 1.732320372728511870e+02 1.298949297049449038e-03 5.163596525867424915e-05
1.000000000000000021e-03 1.805517008195913888e+02 1.312240482343708702e-03 5.864391506125870727e-05
1.000000000000000021e-03 1.878713643663315906e+02 1.311221992208644891e-03 6.566162273633569045e-05
1.000000000000000021e-03 1.951910279130717640e+02 1.295864730942722452e-03 7.253693295296456906e-05
1.000000000000000021e-03 2.025106914598119374e+02 1.266660480264461628e-03 7.911974123268909135e-05
1.000000000000000021e-03 2.098303550065521677e+02 1.151200317385975801e-03 8.524604508229675871e-05
1.000000000000000021e-03 2.171500185532923410e+02 1.026590503156798529e-03 9.079875817698455334e-05
1.000000000000000021e-03 2.244696821000325144e+02 9.274379844563344086e-04 9.568380527447326836e-05
1.000000000000000021e-03 2.317893456467727447e+02 8.270439836089979240e-04 9.980006420090793619e-05
1.000000000000000021e-03 2.391090091935129180e+02 7.497016883521967186e-04 1.030988244829903248e-04
1.000000000000000021e-03 2.464286727402530914e+02 6.918866120958781698e-04 1.055878488962867513e-04
1.000000000000000021e-03 2.537483362869933217e+02 6.249898777338444306e-04 1.071785962353417074e-04
1.000000000000000021e-03 2.610679998337334951e+02 5.725678248839966749e-04 1.079864292663055859e-04
1.000000000000000021e-03 2.683876633804736684e+02 5.164408605274493826e-04 1.079443297861408687e-04
1.000000000000000021e-03 2.757073269272138987e+02 4.688160884839755096e-04 1.071878401505984532e-04
1.000000000000000021e-03 2.830269904739540721e+02 4.235783622563223539e-04 1.057280168876460817e-04
1.000000000000000021e-03 2.877441069818532924e+02 3.970612190684224586e-04 1.044645091485992932e-04
1.000000000000000021e-03 2.916573063997892632e+02 3.747199322341961711e-04 1.032068675639935329e-04
1.000000000000000021e-03 2.955705058177252340e+02 3.563478553466569690e-04 1.018594072762378966e-04
1.000000000000000021e-03 2.994837052356612617e+02 3.352032126456596078e-04 1.002835757660618099e-04
1.000000000000000021e-03 3.033969046535972325e+02 3.184605952562517979e-04 9.866834962176674326e-05
1.000000000000000021e-03 3.073101040715332033e+02 3.010048132418487610e-04 9.689339475457612292e-05
1.000000000000000021e-03 3.112233034894691741e+02 2.839089526325798418e-04 9.499288376754607105e-05
1.000000000000000021e-03 3.151365029074052018e+02 2.683728269962852662e-04 9.255240744745345282e-05
1.000000000000000021e-03 3.190497023253411726e+02 2.536415066891828862e-04 8.987016563229499404e-05
1.000000000000000021e-03 3.229629017432771434e+02 2.376989219036919495e-04 8.721472085894369929e-05
1.000000000000000021e-03 3.268761011612131142e+02 2.243385977667578380e-04 8.436392507267081444e-05
1.000000000000000021e-03 3.307893005791490850e+02 2.102600822778773919e-04 8.152730448141845207e-05
1.000000000000000021e-03 3.347024999970850558e+02 1.982855803875035496e-04 7.874369620020892091e-05
1.000000000000000021e-03 3.386156994150210835e+02 1.861013462166337439e-04 7.598223113830802943e-05
1.000000000000000021e-03 3.425288988329570543e+02 1.749142101715296205e-04 7.286558684112680079e-05
1.000000000000000021e-03 3.464420982508930251e+02 1.630931801523486649e-04 7.009089096320809270e-05
1.000000000000000021e-03 3.503552976688289959e+02 1.541324816400955577e-04 6.771885447143820346e-05
1.000000000000000021e-03 3.542684970867650236e+02 1.435104545798936788e-04 6.474605602572241158e-05
1.000000000000000021e-03 3.581816965047009944e+02 1.344240445846999583e-04 6.162763428544805575e-05
1.000000000000000021e-03 3.620948959226369652e+02 1.262874165648443243e-04 5.910111891022881329e-05
1.000000000000000021e-03 3.660080953405729360e+02 1.175772281474453965e-04 5.639302481506375470e-05
1.000000000000000021e-03 3.699212947585089069e+02 1.098961772258187977e-04 5.350304323169355379e-05
1.000000000000000021e-03 3.738344941764449345e+02 1.030339917668591360e-04 5.148294250103304910e-05
1.000000000000000021e-03 3.777476935943809053e+02 9.616219258767815079e-05 4.874264378530213554e-05
1.000000000000000021e-03 3.816608930123168761e+02 8.938907263560595228e-05 4.618387270477452964e-05
1.000000000000000021e-03 3.855740924302528470e+02 8.320655751707072012e-05 4.373957979449355320e-05
1.000000000000000021e-03 3.894872918481888746e+02 7.705302030318778332e-05 4.084144814084040632e-05
1.000000000000000021e-03 3.934004912661248454e+02 7.170272731312517104e-05 3.896645299451743200e-05
1.000000000000000021e-03 3.973136906840608162e+02 6.668393080766263467e-05 3.668583730402385004e-05
1.000000000000000021e-03 4.012268901019967871e+02 6.202125570390736985e-05 3.457337218619283101e-05
1.000000000000000021e-03 4.051400895199327579e+02 5.662372284517144480e-05 3.193322268976659100e-05
1.000000000000000021e-03 4.090532889378687287e+02 5.182371341876787691e-05 2.925431659865197298e-05
1.000000000000000021e-03 4.129664883558047563e+02 4.804292446399924721e-05 2.792497941204438510e-05
1.000000000000000021e-03 4.168796877737407272e+02 4.404994117514899037e-05 2.558308033417591850e-05
1.000000000000000021e-03 4.207928871916766980e+02 4.067631249516859152e-05 2.384308165588304592e-05
1.000000000000000021e-03 4.247060866096127256e+02 3.691253096989225541e-05 2.187171586625038370e-05
1.000000000000000021e-03 4.286192860275486964e+02 3.410081130229714193e-05 2.040809423312764029e-05
1.000000000000000021e-03 4.325324854454846673e+02 3.024270354330121929e-05 1.808174093666718951e-05
1.000000000000000021e-03 4.364456848634206381e+02 2.835164831554957423e-05 1.729544974959968024e-05
1.000000000000000021e-03 4.403588842813566089e+02 2.478849779811892912e-05 1.499225657373665897e-05
1.000000000000000021e-03 4.442720836992925797e+02 2.175710464262302929e-05 1.312137919748443941e-05
1.000000000000000021e-03 4.481852831172285505e+02 1.988320109447524521e-05 1.220100721833100552e-05
1.000000000000000021e-03 4.520984825351645782e+02 1.704351726395288835e-05 1.031438495861995500e-05
1.000000000000000021e-03 4.560116819531005490e+02 1.475691320057696976e-05 8.959976241770213281e-06
1.000000000000000021e-03 4.599248813710365766e+02 1.249504534316062589e-05 7.879933884438182240e-06
1.000000000000000021e-03 4.638380807889725475e+02 1.036636559574357825e-05 6.659960538378682571e-06
1.000000000000000021e-03 4.677512802069085183e+02 7.114256138113056597e-06 4.897577817382682518e-06
1.000000000000000021e-03 4.716644796248444891e+02 5.418870758572726965e-07 4.519787178489574650e-07
1.000000000000000021e-03 4.717116507899234534e+02 0.000000000000000000e+00 0.000000000000000000e+00
5.000000000000000000e-01 1.980000000000000071e+01 2.739584218706719699e-05 7.076088961482078977e-10
5.000000000000000000e-01 2.000000000000000000e+01 2.795084993060799493e-05 7.515314671782263917e-10
5.000000000000000000e-01 2.252734048450220428e+01 3.544000917774893305e-05 1.533016941016258759e-09
5.000000000000000000e-01 2.537405346523459571e+01 4.492824109596955126e-05 3.126390278496887925e-09
5.000000000000000000e-01 2.858049709416513551e+01 5.694429968138494812e-05 6.373485818379896535e-09
5.000000000000000000e-01 3.219212946282919319e+01 7.215358229805386259e-05 1.298660700633780612e-08
5.000000000000000000e-01 3.626015306651640913e+01 9.139121506599755577e-05 2.644481439994957503e-08
5.000000000000000000e-01 4.084224070747908542e+01 1.157014955187395886e-04 5.380588856489127156e-08
5.000000000000000000e-01 4.600335312836889301e+01 1.463835428589388291e-04 1.093586397509608234e-07
5.000000000000000000e-01 5.181665996757777748e+01 1.850415402099049589e-04 2.219527744650412875e-07
5.000000000000000000e-01 5.836457709296497143e+01 2.336349709808924300e-04 4.496237535036712881e-07
5.000000000000000000e-01 6.573993502035997949e+01 2.945184987207396339e-04 9.085292173733422273e-07
5.000000000000000000e-01 7.404729498163497681e+01 3.704504796776231213e-04 1.829524984496242737e-06
5.000000000000000000e-01 8.340443130038310926e+01 4.645302099160881462e-04 3.666872887783762976e-06
5.000000000000000000e-01 9.394400109100014618e+01 5.799925954134453132e-04 7.301721686181580154e-06
5.000000000000000000e-01 1.058154249526703836e+02 7.197421392856126606e-04 1.440780974628525690e-05
5.000000000000000000e-01 1.151065051674691944e+02 8.342456391458936060e-04 2.312656464992025025e-05
5.000000000000000000e-01 1.191870053210547979e+02 8.854537355359559485e-04 2.806643959870717953e-05
5.000000000000000000e-01 1.270140746675522081e+02 9.844698622776639537e-04 3.980236404574100410e-05
5.000000000000000000e-01 1.342483125097788559e+02 1.075686851323947061e-03 5.368505794117588316e-05
5.000000000000000000e-01 1.389216441676352360e+02 1.132617947823256121e-03 6.440834352415069177e-05
5.000000000000000000e-01 1.508292136677182498e+02 1.270362416871754271e-03 9.877300407205416078e-05
5.000000000000000000e-01 1.512128722688822222e+02 1.274945788340540185e-03 1.000608934779236058e-04
5.000000000000000000e-01 1.627367831678012635e+02 1.396625722493955368e-03 1.444090271981900901e-04
5.000000000000000000e-01 1.703211929620325407e+02 1.472634691770602832e-03 1.798032480175927367e-04
5.000000000000000000e-01 1.746443526678842773e+02 1.513753006012169772e-03 2.022278272870498732e-04
5.000000000000000000e-01 1.865519221679672910e+02 1.614659964020996770e-03 2.722847675219111771e-04
5.000000000000000000e-01 1.918441752791153192e+02 1.656526648071873905e-03 3.071373543367325598e-04
5.000000000000000000e-01 1.984594916680503331e+02 1.702118630911150007e-03 3.536210857735556652e-04
5.000000000000000000e-01 2.103670611681333469e+02 1.777405973248582117e-03 4.442482258148563491e-04
5.000000000000000000e-01 2.222746306682163606e+02 1.838766475577644681e-03 5.412959172934105143e-04
5.000000000000000000e-01 2.341822001682994028e+02 1.887669773162736981e-03 6.413142977543440006e-04
5.000000000000000000e-01 2.460897696683824165e+02 1.922747887869347095e-03 7.406423831140020175e-04
5.000000000000000000e-01 2.579973391684654302e+02 1.941626576915783707e-03 8.357742150934457243e-04
5.000000000000000000e-01 2.699049086685484440e+02 1.949828431998825622e-03 9.237006864149674640e-04
5.000000000000000000e-01 2.818124781686314577e+02 1.944187650685954769e-03 1.002002717449129937e-03
5.000000000000000000e-01 2.937200476687144715e+02 1.926042137487232308e-03 1.068949381489734578e-03
5.000000000000000000e-01 3.056276171687974852e+02 1.897050623889973055e-03 1.123457732107844198e-03
5.000000000000000000e-01 3.175351866688804989e+02 1.856570122448941273e-03 1.164741047008752313e-03
5.000000000000000000e-01 3.294427561689635127e+02 1.805781414012459958e-03 1.192321139672705352e-03
5.000000000000000000e-01 3.413503256690465832e+02 1.746691224317352105e-03 1.206819537664496076e-03
5.000000000000000000e-01 3.532578951691295970e+02 1.679958583117449351e-03 1.208761959849075042e-03
5.000000000000000000e-01 3.651654646692126107e+02 1.606665152836044561e-03 1.198920151295624920e-03
5.000000000000000000e-01 3.770730341692956245e+02 1.527622126522541106e-03 1.177964934917908593e-03
5.000000000000000000e-01 3.889806036693786382e+02 1.444271232889403952e-03 1.147347436077271465e-03
5.000000000000000000e-01 4.008881731694616519e+02 1.357498182967329390e-03 1.107747420187859405e-03
5.000000000000000000e-01 4.127957426695446657e+02 1.268495970296011199e-03 1.060808045958410578e-03
5.000000000000000000e-01 4.247033121696276794e+02 1.178291044314415783e-03 1.007592769851721947e-03
5.000000000000000000e-01 4.366108816697107500e+02 1.088013542938809017e-03 9.499435970395711786e-04
5.000000000000000000e-01 4.485184511697937637e+02 9.985769791672079697e-04 8.884821000473846651e-04
5.000000000000000000e-01 4.604260206698767774e+02 9.109041230236861056e-04 8.250927398597058702e-04
5.000000000000000000e-01 4.680997876810413914e+02 8.557009888393627512e-04 7.833177841116163026e-04
5.000000000000000000e-01 4.744657488675372861e+02 8.109189855029632970e-04 7.488232034205676317e-04
5.000000000000000000e-01 4.808317100540332376e+02 7.670603798077363323e-04 7.143413279943390017e-04
5.000000000000000000e-01 4.871976712405291323e+02 7.242958299027546076e-04 6.799217802546122201e-04
5.000000000000000000e-01 4.935636324270250839e+02 6.826759255225401096e-04 6.457693234929764688e-04
5.000000000000000000e-01 4.999295936135209786e+02 6.422798641409551302e-04 6.122980555061286086e-04
5.000000000000000000e-01 5.062955548000169301e+02 6.032011787882880349e-04 5.792827088949890164e-04
5.000000000000000000e-01 5.126615159865128817e+02 5.654292528163002264e-04 5.470584424162945776e-04
5.000000000000000000e-01 5.190274771730087195e+02 5.290603313378379512e-04 5.156162765929248786e-04
5.000000000000000000e-01 5.253934383595046711e+02 4.940855249852234895e-04 4.845951568488661887e-04
5.000000000000000000e-01 5.317593995460006226e+02 4.605963319659642317e-04 4.549208751307772945e-04
5.000000000000000000e-01 5.381253607324965742e+02 4.285328459965768522e-04 4.261813608453872393e-04
5.000000000000000000e-01 5.444913219189924121e+02 3.979924927894985050e-04 3.985122039389776393e-04
5.000000000000000000e-01 5.508572831054883636e+02 3.688654381547759836e-04 3.713925949373153524e-04
5.000000000000000000e-01 5.572232442919843152e+02 3.412458291400566920e-04 3.458590348205957442e-04
5.000000000000000000e-01 5.635892054784801530e+02 3.150299372209793003e-04 3.213850805030520736e-04
5.000000000000000000e-01 5.699551666649761046e+02 2.902963289230062367e-04 2.975130150463250892e-04
5.000000000000000000e-01 5.763211278514720561e+02 2.669339238975817173e-04 2.754388569641272387e-04
5.000000000000000000e-01 5.826870890379680077e+02 2.449715725943381241e-04 2.543908582864545581e-04
5.000000000000000000e-01 5.890530502244639592e+02 2.243363462469714713e-04 2.344446832671669601e-04
5.000000000000000000e-01 5.954190114109597971e+02 2.049899630919855685e-04 2.151893654465146727e-04
5.000000000000000000e-01 6.017849725974557487e+02 1.868664931928727137e-04 1.973984682214991663e-04
5.000000000000000000e-01 6.081509337839517002e+02 1.700336863913336802e-04 1.807465665798111917e-04
5.000000000000000000e-01 6.145168949704475381e+02 1.543297250581307013e-04 1.645671286667069124e-04
5.000000000000000000e-01 6.208828561569434896e+02 1.397426532806727401e-04 1.500663726770112632e-04
5.000000000000000000e-01 6.272488173434394412e+02 1.262238297552137714e-04 1.364019486297021050e-04
5.000000000000000000e-01 6.336147785299353927e+02 1.137023713300552901e-04 1.233443488033142518e-04
5.000000000000000000e-01 6.399807397164312306e+02 1.020946350292420565e-04 1.115275624187911634e-04
5.000000000000000000e-01 6.463467009029271821e+02 9.150981299456935141e-05 1.002617972949558132e-04
5.000000000000000000e-01 6.527126620894231337e+02 8.173416702602980758e-05 9.012670434027170510e-05
5.000000000000000000e-01 6.590786232759189716e+02 7.275239309641271792e-05 8.059776940049385172e-05
5.000000000000000000e-01 6.654445844624149231e+02 6.451883027738645636e-05 7.173481601480183312e-05
5.000000000000000000e-01 6.718105456489108747e+02 5.702482777657192584e-05 6.356813816961142511e-05
5.000000000000000000e-01 6.781765068354068262e+02 5.014205225432793512e-05 5.627957467130764572e-05
5.000000000000000000e-01 6.845424680219027778e+02 4.392815036734135076e-05 4.938704533973996481e-05
5.000000000000000000e-01 6.909084292083986156e+02 3.825915472231865744e-05 4.313521320808443352e-05
5.000000000000000000e-01 6.972743903948945672e+02 3.307978320266223609e-05 3.749332753826315574e-05
5.000000000000000000e-01 7.036403515813905187e+02 2.845015715361555393e-05 3.219245305592112732e-05
5.000000000000000000e-01 7.100063127678863566e+02 2.422515224002952177e-05 2.739558367513069982e-05
5.000000000000000000e-01 7.163722739543823081e+02 2.032561476237288405e-05 2.291092830183360192e-05
5.000000000000000000e-01 7.227382351408782597e+02 1.678591051584242658e-05 1.881441504534785871e-05
5.000000000000000000e-01 7.291041963273742113e+02 1.347959157181510795e-05 1.499855063889142313e-05
5.000000000000000000e-01 7.354701575138701628e+02 1.049919078993812429e-05 1.161749398505257770e-05
5.000000000000000000e-01 7.418361187003660007e+02 7.614110632851063238e-06 8.355226541429609704e-06
5.000000000000000000e-01 7.482020798868619522e+02 5.261307440888783008e-06 5.764697815937022004e-06
5.000000000000000000e-01 7.545680410733577901e+02 3.058239729616461490e-06 3.336768230872970498e-06
5.000000000000000000e-01 7.609340022598537416e+02 1.188247606579988248e-06 1.288221692459237256e-06
5.000000000000000000e-01 7.672999634463496932e+02 0.000000000000000000e+00 0.000000000000000000e+00
5.000000000000000000e-01 7.673767011164612768e+02 0.000000000000000000e+00 0.000000000000000000e+00
9.989999999999999991e-01 1.980000000000000071e+01 2.739592665423988741e-05 7.976020568789409369e-10
9.989999999999999991e-01 2.000000000000000000e+01 2.795094051858308746e-05 8.481028524508350075e-10
9.989999999999999991e-01 2.257055198264858831e+01 3.557592095396917029e-05 1.776392306579542878e-09
9.989999999999999991e-01 2.547149084007210362e+01 4.527316994986459089e-05 3.726422777118573430e-09
9.989999999999999991e-01 2.874528040407023610e+01 5.760082513127151365e-05 7.829217825385400516e-09
9.989999999999999991e-01 3.243984228079385446e+01 7.326402093068186546e-05 1.647631849509234277e-08
9.989999999999999991e-01 3.660925732537895527e+01 9.315134465820161286e-05 3.473306678553913474e-08
9.989999999999999991e-01 4.131455727543121270e+01 1.183787390744797956e-04 7.334520522925484234e-08
9.989999999999999991e-01 4.662461813126162724e+01 1.503411677241715089e-04 1.551400262294890847e-07
9.989999999999999991e-01 5.261716836013901855e+01 1.907712831023999011e-04 3.286503297666399886e-07
9.989999999999999991e-01 5.937992668261451001e+01 2.418022221429302714e-04 6.970636210101913175e-07
9.989999999999999991e-01 6.701188609579062927e+01 3.060278214596686818e-04 1.479493801603940466e-06
9.989999999999999991e-01 7.562476292901841646e+01 3.865470463801376293e-04 3.139700042808720512e-06
9.989999999999999991e-01 8.534463214324429714e+01 4.869691475388881357e-04 6.653007925305088065e-06
9.989999999999999991e-01 9.631377281145584845e+01 6.042552354484042026e-04 1.404777939466619818e-05
9.989999999999999991e-01 1.086927507942985045e+02 7.483747653797012418e-04 2.946448351025761684e-05
9.989999999999999991e-01 1.193748264969528918e+02 8.821016887247429706e-04 5.193206964255069524e-05
9.989999999999999991e-01 1.226627690969891518e+02 9.251129939751882511e-04 6.110004541226548159e-05
9.989999999999999991e-01 1.317239464793962895e+02 1.044963441982020309e-03 9.316157552917874232e-05
9.989999999999999991e-01 1.384283203119607037e+02 1.138944517548702920e-03 1.243880054854563976e-04
9.989999999999999991e-01 1.440730664618396872e+02 1.215052703038558895e-03 1.564421426416220831e-04
9.989999999999999991e-01 1.562201799735919110e+02 1.391316412687089226e-03 2.460492257848282001e-04
9.989999999999999991e-01 1.564221864442831134e+02 1.389853978853826475e-03 2.477984811394259097e-04
9.989999999999999991e-01 1.687713064267265111e+02 1.572455901076908998e-03 3.723513680557808260e-04
9.989999999999999991e-01 1.762987846416336879e+02 1.681532631227793248e-03 4.659750205261680963e-04
9.989999999999999991e-01 1.811204264091699088e+02 1.748569524270356676e-03 5.331340821645011094e-04
9.989999999999999991e-01 1.934695463916133065e+02 1.924314069245075054e-03 7.299751871430249298e-04
9.989999999999999991e-01 1.989580441615881625e+02 2.002028157576486896e-03 8.281063897450084048e-04
9.989999999999999991e-01 2.058186663740567042e+02 2.093359639936989616e-03 9.587475261358450974e-04
9.989999999999999991e-01 2.181677863565001303e+02 2.255007524111794608e-03 1.211295017187701602e-03
9.989999999999999991e-01 2.305169063389434996e+02 2.405555817958841477e-03 1.476168134914794105e-03
9.989999999999999991e-01 2.428660263213869257e+02 2.539965598196562094e-03 1.740083357438057142e-03
9.989999999999999991e-01 2.552151463038303234e+02 2.656805171305742525e-03 1.989777495583285212e-03
9.989999999999999991e-01 2.675642662862737211e+02 2.754758538452907208e-03 2.213770106826437340e-03
9.989999999999999991e-01 2.799133862687170904e+02 2.832635903320349525e-03 2.403605804791339104e-03
9.989999999999999991e-01 2.922625062511605165e+02 2.886847711628876163e-03 2.554324390062569661e-03
9.989999999999999991e-01 3.046116262336039426e+02 2.919664385873087156e-03 2.664262493499617614e-03
9.989999999999999991e-01 3.169607462160473688e+02 2.927158578697506598e-03 2.734258843643208071e-03
9.989999999999999991e-01 3.293098661984907380e+02 2.911214273613152610e-03 2.766850734497383873e-03
9.989999999999999991e-01 3.416589861809341073e+02 2.872427573839661432e-03 2.765437892537346044e-03
9.989999999999999991e-01 3.540081061633775334e+02 2.813908000651849615e-03 2.733798474635635873e-03
9.989999999999999991e-01 3.663572261458209596e+02 2.734226329916729543e-03 2.675602780533021478e-03
9.989999999999999991e-01 3.787063461282643289e+02 2.636709899769663391e-03 2.594517415440825581e-03
9.989999999999999991e-01 3.910554661107077550e+02 2.523745713880284729e-03 2.494057404561839369e-03
9.989999999999999991e-01 4.034045860931511811e+02 2.397740930037944428e-03 2.377614513529977772e-03
9.989999999999999991e-01 4.157537060755945504e+02 2.261077865864623716e-03 2.248455544407085283e-03
9.989999999999999991e-01 4.281028260580379765e+02 2.116858525188145251e-03 2.109784805743228613e-03
9.989999999999999991e-01 4.404519460404813458e+02 1.967115348285661345e-03 1.964557907875377329e-03
9.989999999999999991e-01 4.528010660229247719e+02 1.814882309740919845e-03 1.815653967576371210e-03
9.989999999999999991e-01 4.651501860053681980e+02 1.662102402799833355e-03 1.665570290221211110e-03
9.989999999999999991e-01 4.774993059878115673e+02 1.511068925862124558e-03 1.516465222271808208e-03
9.989999999999999991e-01 4.854576277542751086e+02 1.415695462686479425e-03 1.421818444286002125e-03
9.989999999999999991e-01 4.920596483005392088e+02 1.338068909575928448e-03 1.344548321756700807e-03
9.989999999999999991e-01 4.986616688468033090e+02 1.262387190884722322e-03 1.268998956035946720e-03
9.989999999999999991e-01 5.052636893930674091e+02 1.188422544088459576e-03 1.195064669241638474e-03
9.989999999999999991e-01 5.118657099393315093e+02 1.115610628144423147e-03 1.122187461930797617e-03
9.989999999999999991e-01 5.184677304855956663e+02 1.046300411335192478e-03 1.052742729484698516e-03
9.989999999999999991e-01 5.250697510318597097e+02 9.785908443598592601e-04 9.848511071711006822e-04
9.989999999999999991e-01 5.316717715781238667e+02 9.122195275049917564e-04 9.182428406218644300e-04
9.989999999999999991e-01 5.382737921243879100e+02 8.491051512642138919e-04 8.549017234951910909e-04
9.989999999999999991e-01 5.448758126706520670e+02 7.903600745451767147e-04 7.959691601982103780e-04
9.989999999999999991e-01 5.514778332169161104e+02 7.333065258278861995e-04 7.386947244377874535e-04
9.989999999999999991e-01 5.580798537631802674e+02 6.776662939307834125e-04 6.828014536399117920e-04
9.989999999999999991e-01 5.646818743094443107e+02 6.252404436376208857e-04 6.301334870426627708e-04
9.989999999999999991e-01 5.712838948557084677e+02 5.769202558490487331e-04 5.815991666680942829e-04
9.989999999999999991e-01 5.778859154019726247e+02 5.294838565316323763e-04 5.339108515056563116e-04
9.989999999999999991e-01 5.844879359482366681e+02 4.853073871764273465e-04 4.894964628009027072e-04
9.989999999999999991e-01 5.910899564945007114e+02 4.458855056045715878e-04 4.498776443653320365e-04
9.989999999999999991e-01 5.976919770407648684e+02 4.063213514907115516e-04 4.100683790180328111e-04
9.989999999999999991e-01 6.042939975870290255e+02 3.695827917425547910e-04 3.730948886946766348e-04
9.989999999999999991e-01 6.108960181332930688e+02 3.362154851833555201e-04 3.395141929357461171e-04
9.989999999999999991e-01 6.174980386795571121e+02 3.043078352939519791e-04 3.073826868099952480e-04
9.989999999999999991e-01 6.241000592258212691e+02 2.755056382491488979e-04 2.783777791130241587e-04
9.989999999999999991e-01 6.307020797720854262e+02 2.489173916806036160e-04 2.515930641426709804e-04
9.989999999999999991e-01 6.373041003183494695e+02 2.233564618477204891e-04 2.258253268009898342e-04
9.989999999999999991e-01 6.439061208646136265e+02 2.009064244107755840e-04 2.031954035918552841e-04
9.989999999999999991e-01 6.505081414108776698e+02 1.784812476370495663e-04 1.805669118019896028e-04
9.989999999999999991e-01 6.571101619571418269e+02 1.586323691921305568e-04 1.605366455028643452e-04
9.989999999999999991e-01 6.637121825034058702e+02 1.413389176014504109e-04 1.430849597721499671e-04
9.989999999999999991e-01 6.703142030496700272e+02 1.238790311708569359e-04 1.254464346876907679e-04
9.989999999999999991e-01 6.769162235959340705e+02 1.103783170153809932e-04 1.118173347052145975e-04
9.989999999999999991e-01 6.835182441421982276e+02 9.589608015243166654e-05 9.717560028953375591e-05
9.989999999999999991e-01 6.901202646884623846e+02 8.262544346617644881e-05 8.375315180266220609e-05
9.989999999999999991e-01 6.967222852347264279e+02 7.233032612676347343e-05 7.334445296520530986e-05
9.989999999999999991e-01 7.033243057809904712e+02 6.219643407056421353e-05 6.308962033643671064e-05
9.989999999999999991e-01 7.099263263272546283e+02 5.241397461025473157e-05 5.318312489297433523e-05
9.989999999999999991e-01 7.165283468735187853e+02 4.517720535555176838e-05 4.585744685477378306e-05
9.989999999999999991e-01 7.231303674197828286e+02 3.736833258201157130e-05 3.794299370337498705e-05
9.989999999999999991e-01 7.297323879660469856e+02 3.113807673114036824e-05 3.162807150149839620e-05
9.989999999999999991e-01 7.363344085123110290e+02 2.379265240714064210e-05 2.417341162235141163e-05
9.989999999999999991e-01 7.429364290585751860e+02 1.982025368977812155e-05 2.014539205087233131e-05
9.989999999999999991e-01 7.495384496048392293e+02 1.373613280905067161e-05 1.396501603997143876e-05
9.989999999999999991e-01 7.561404701511033863e+02 1.110501948677029699e-05 1.129467706723175369e-05
9.989999999999999991e-01 7.627424906973674297e+02 6.758586196291517695e-06 6.876001065089854791e-06
9.989999999999999991e-01 7.693445112436315867e+02 3.290683015521796020e-06 3.348854516613475044e-06
9.989999999999999991e-01 7.759465317898957437e+02 1.947619340358600531e-22 1.982621831982878174e-22
9.989999999999999991e-01 7.825485523361597870e+02 0.000000000000000000e+00 0.000000000000000000e+00
9.989999999999999991e-01 7.891505728824238304e+02 0.000000000000000000e+00 0.000000000000000000e+00
9.989999999999999991e-01 7.957525934286879874e+02 0.000000000000000000e+00 0.000000000000000000e+00
9.989999999999999991e-01 7.958321766463526501e+02 0.000000000000000000e+00 0.000000000000000000e+00
