# mx [GeV]: 0.01
# sigma_p [cm^2]: 1e-36
# depth [m]: 1700.0
# loc: MOD
# Columns: gamma/pi, v [km/s], f(v, gamma) [s/km], f[with reflection](v, gamma) [s/km]
1.000000000000000021e-03 1.980000000000000071e+01 2.651351591399273526e-05 8.224571501796860280e-07
1.000000000000000021e-03 2.000000000000000000e+01 2.704945631532286015e-05 8.391200589881064544e-07
1.000000000000000021e-03 2.258097872604504985e+01 3.444056767941081223e-05 1.069030199381824260e-06
1.000000000000000021e-03 2.549503001130495150e+01 4.384042862437378724e-05 1.361707441916097913e-06
1.000000000000000021e-03 2.878513651525784312e+01 5.578875323258477968e-05 1.734144940121841258e-06
1.000000000000000021e-03 3.249982776386698902e+01 7.096658939305208909e-05 2.207845493884917789e-06
1.000000000000000021e-03 3.669389596680043297e+01 9.023108551660587878e-05 2.809959366831682143e-06
1.000000000000000021e-03 4.142920421010153120e+01 1.146573776617950492e-04 3.574669743406232648e-06
1.000000000000000021e-03 4.677559894526390849e+01 1.455880656991082522e-04 4.544851553794232525e-06
1.000000000000000021e-03 5.281194023405097226e+01 1.846899456600217858e-04 5.774008422041329661e-06
1.000000000000000021e-03 5.962726494531337096e+01 2.340160518303115037e-04 7.328446874853050689e-06
1.000000000000000021e-03 6.732210006111863265e+01 2.960680372274354069e-04 9.289557207666248432e-06
1.000000000000000021e-03 7.600994546363979509e+01 3.738484967344222879e-04 1.175590362419650231e-05
1.000000000000000021e-03 8.581894807411471504e+01 4.708834305872771080e-04 1.484452837139586808e-05
1.000000000000000021e-03 9.689379203765740556e+01 5.911792410367438947e-04 1.869036066048475255e-05
1.000000000000000021e-03 1.093978328344086748e+02 7.390530744737851439e-04 2.344176794542110904e-05
1.000000000000000021e-03 1.204269809105765177e+02 8.784340859417246426e-04 2.794328060837285516e-05
1.000000000000000021e-03 1.235155067954607375e+02 9.187360663651113982e-04 2.924894232332102964e-05
1.000000000000000021e-03 1.328849444530499397e+02 1.043811264525908080e-03 3.331240571042338891e-05
1.000000000000000021e-03 1.394550515642485493e+02 1.133593887657233972e-03 3.623986247941606177e-05
1.000000000000000021e-03 1.453429079955233760e+02 1.215134854204777751e-03 3.890626094895798144e-05
1.000000000000000021e-03 1.574515776305905774e+02 1.384743924429628027e-03 4.447614355516346277e-05
1.000000000000000021e-03 1.578008715379968123e+02 1.389655025244355708e-03 4.463790448003543746e-05
1.000000000000000021e-03 1.702588350804702486e+02 1.564483731438114696e-03 5.041462538034222019e-05
1.000000000000000021e-03 1.777705362429298077e+02 1.668803340879452006e-03 5.387909044651832062e-05
1.000000000000000021e-03 1.827167986229436849e+02 1.736647958678534578e-03 5.613963571306353570e-05
1.000000000000000021e-03 1.951747621654171212e+02 1.903151820643779772e-03 6.171409773439036329e-05
1.000000000000000021e-03 2.007116348509608770e+02 1.974561623816588774e-03 6.411745614016622972e-05
1.000000000000000021e-03 2.076327257078905291e+02 2.061045470272684574e-03 6.703942119871496416e-05
1.000000000000000021e-03 2.200906892503639938e+02 2.207498195453596029e-03 7.201974397051160977e-05
1.000000000000000021e-03 2.325486527928374016e+02 2.339872623174131007e-03 7.656449239944845256e-05
1.000000000000000021e-03 2.450066163353108664e+02 2.455796702150263820e-03 8.059090741754392265e-05
1.000000000000000021e-03 2.574645798777842742e+02 2.553230089605798125e-03 8.402641887727891658e-05
1.000000000000000021e-03 2.699225434202576821e+02 2.630521737991208323e-03 8.681075456162516842e-05
1.000000000000000021e-03 2.823805069627311468e+02 2.686455851065100257e-03 8.889768132616204625e-05
1.000000000000000021e-03 2.948384705052045547e+02 2.720283930463401629e-03 9.025629323889995681e-05
1.000000000000000021e-03 3.072964340476780194e+02 2.731741325855259646e-03 9.087178418023029070e-05
1.000000000000000021e-03 3.197543975901514273e+02 2.719872335182305870e-03 9.070662579967947372e-05
1.000000000000000021e-03 3.322123611326248920e+02 2.685803225471980124e-03 8.980203795767200423e-05
1.000000000000000021e-03 3.446703246750982998e+02 2.632015009295670706e-03 8.821480399014787390e-05
1.000000000000000021e-03 3.571282882175717646e+02 2.559411215545796640e-03 8.598976010556916381e-05
1.000000000000000021e-03 3.695862517600451724e+02 2.469335239671925121e-03 8.318385801159487139e-05
1.000000000000000021e-03 3.820442153025185803e+02 2.365746999077517933e-03 7.986403070307419058e-05
1.000000000000000021e-03 3.945021788449920450e+02 2.248923424035617277e-03 7.610481658417532079e-05
1.000000000000000021e-03 4.069601423874654529e+02 2.123170056782204551e-03 7.198585185469439144e-05
1.000000000000000021e-03 4.194181059299388608e+02 1.988960320533813154e-03 6.758934100534678263e-05
1.000000000000000021e-03 4.318760694724123255e+02 1.848274773743083504e-03 6.299760934227327394e-05
1.000000000000000021e-03 4.443340330148857333e+02 1.707579494359675026e-03 5.829083042698615408e-05
1.000000000000000021e-03 4.567919965573591981e+02 1.564979086275325405e-03 5.354500618813605955e-05
1.000000000000000021e-03 4.692499600998326059e+02 1.424876092283704383e-03 4.883025944039955487e-05
1.000000000000000021e-03 4.817079236423060706e+02 1.287363073921543718e-03 4.420947892869410347e-05
1.000000000000000021e-03 4.897363890363445194e+02 1.201253762930972954e-03 4.130733134470843489e-05
1.000000000000000021e-03 4.963965989451436371e+02 1.131626037883426373e-03 3.895590753853369855e-05
1.000000000000000021e-03 5.030568088539427549e+02 1.063891666581765882e-03 3.666229875421222155e-05
1.000000000000000021e-03 5.097170187627418727e+02 9.981730078130626824e-04 3.443219742033410704e-05
1.000000000000000021e-03 5.163772286715410473e+02 9.344117617865132196e-04 3.227055363690930828e-05
1.000000000000000021e-03 5.230374385803401083e+02 8.729042603326066848e-04 3.018158508553676986e-05
1.000000000000000021e-03 5.296976484891392829e+02 8.144885075341131916e-04 2.816879336399249830e-05
1.000000000000000021e-03 5.363578583979383438e+02 7.582347883582469476e-04 2.623498611692835531e-05
1.000000000000000021e-03 5.430180683067375185e+02 7.032460804578201299e-04 2.438230430112715800e-05
1.000000000000000021e-03 5.496782782155365794e+02 6.511515247071611705e-04 2.261225390287002838e-05
1.000000000000000021e-03 5.563384881243357540e+02 6.013453798822249435e-04 2.092574141589236808e-05
1.000000000000000021e-03 5.629986980331348150e+02 5.541531360992888941e-04 1.932311239042383915e-05
1.000000000000000021e-03 5.696589079419339896e+02 5.110008961122543400e-04 1.780419237604036114e-05
1.000000000000000021e-03 5.763191178507330505e+02 4.691394965915070465e-04 1.636832960251888907e-05
1.000000000000000021e-03 5.829793277595322252e+02 4.308032163069611142e-04 1.501443877247572019e-05
1.000000000000000021e-03 5.896395376683312861e+02 3.934389761299686536e-04 1.374104537614370050e-05
1.000000000000000021e-03 5.962997475771304607e+02 3.579209118711369373e-04 1.254632998100800602e-05
1.000000000000000021e-03 6.029599574859295217e+02 3.250090386728173540e-04 1.142817199597930251e-05
1.000000000000000021e-03 6.096201673947286963e+02 2.952558534833831612e-04 1.038419246015816117e-05
1.000000000000000021e-03 6.162803773035277572e+02 2.660388497919584979e-04 9.411795458895018713e-06
1.000000000000000021e-03 6.229405872123269319e+02 2.427464371794196829e-04 8.508207823692939253e-06
1.000000000000000021e-03 6.296007971211261065e+02 2.175026213304314467e-04 7.670516826534034288e-06
1.000000000000000021e-03 6.362610070299251674e+02 1.947207946304146432e-04 6.895705632512626029e-06
1.000000000000000021e-03 6.429212169387242284e+02 1.748509088458565050e-04 6.180686326416767016e-06
1.000000000000000021e-03 6.495814268475234030e+02 1.548446585771993500e-04 5.522330378399865116e-06
1.000000000000000021e-03 6.562416367563225776e+02 1.372346336768639325e-04 4.917496460526337172e-06
1.000000000000000021e-03 6.629018466651216386e+02 1.219974506600416645e-04 4.363055569270120363e-06
1.000000000000000021e-03 6.695620565739208132e+02 1.064754349426629400e-04 3.855913448613695993e-06
1.000000000000000021e-03 6.762222664827198741e+02 9.553407997524911719e-05 3.393030343965083098e-06
1.000000000000000021e-03 6.828824763915190488e+02 8.249752663949823893e-05 2.971438148511535839e-06
1.000000000000000021e-03 6.895426863003181097e+02 7.149965496037403632e-05 2.588255030783376291e-06
1.000000000000000021e-03 6.962028962091172843e+02 6.170577323310417941e-05 2.240697655118684202e-06
1.000000000000000021e-03 7.028631061179163453e+02 5.222838412141883819e-05 1.926091125485179164e-06
1.000000000000000021e-03 7.095233160267155199e+02 4.369335073016388199e-05 1.641876797879578610e-06
1.000000000000000021e-03 7.161835259355145809e+02 3.746272447158449084e-05 1.385618117495091698e-06
1.000000000000000021e-03 7.228437358443137555e+02 3.063496040225855332e-05 1.155004644276143399e-06
1.000000000000000021e-03 7.295039457531128164e+02 2.532619566369184711e-05 9.478544346544420581e-07
1.000000000000000021e-03 7.361641556619119910e+02 1.926723217579838645e-05 7.621149484939997681e-07
1.000000000000000021e-03 7.428243655707110520e+02 1.583278397425428940e-05 5.958626488952303002e-07
1.000000000000000021e-03 7.494845754795102266e+02 1.082706576577153126e-05 4.473014588555223714e-07
1.000000000000000021e-03 7.561447853883094012e+02 8.717951025015208385e-06 3.147602331939260151e-07
1.000000000000000021e-03 7.628049952971084622e+02 5.139573157129314642e-06 1.966893969506118971e-07
1.000000000000000021e-03 7.694652052059075231e+02 2.527312238143367588e-06 9.165689298634824467e-08
1.000000000000000021e-03 7.761254151147066978e+02 0.000000000000000000e+00 0.000000000000000000e+00
1.000000000000000021e-03 7.827856250235058724e+02 0.000000000000000000e+00 0.000000000000000000e+00
1.000000000000000021e-03 7.894458349323049333e+02 0.000000000000000000e+00 0.000000000000000000e+00
1.000000000000000021e-03 7.961060448411039943e+02 0.000000000000000000e+00 0.000000000000000000e+00
1.000000000000000021e-03 8.027662547499031689e+02 0.000000000000000000e+00 0.000000000000000000e+00
1.000000000000000021e-03 8.028465394038435079e+02 0.000000000000000000e+00 0.000000000000000000e+00
5.000000000000000000e-01 1.980000000000000071e+01 2.663031120160523055e-05 8.224571501796860280e-07
5.000000000000000000e-01 2.000000000000000000e+01 2.716988123638738355e-05 8.391200589881064544e-07
5.000000000000000000e-01 2.258098106199945221e+01 3.461489548447903324e-05 1.069030419945540095e-06
5.000000000000000000e-01 2.549503528611888825e+01 4.409291483676300235e-05 1.361708003380187076e-06
5.000000000000000000e-01 2.878514544854291657e+01 5.615462780517688858e-05 1.734146011601632239e-06
5.000000000000000000e-01 3.249984121202236054e+01 7.149704102766589399e-05 2.207847310456550914e-06
5.000000000000000000e-01 3.669391494633330097e+01 9.100050529929473231e-05 2.809962252068405600e-06
5.000000000000000000e-01 4.142922992468854204e+01 1.157738689635234424e-04 3.574674138611745666e-06
5.000000000000000000e-01 4.677563281713066345e+01 1.472086523906257244e-04 4.544858055384640506e-06
5.000000000000000000e-01 5.281198394033334154e+01 1.870424882427493198e-04 5.774017828425280830e-06
5.000000000000000000e-01 5.962732046016433429e+01 2.374306360945846201e-04 7.328460243596936411e-06
5.000000000000000000e-01 6.732216970443711546e+01 3.010215253181052625e-04 9.289575922242581418e-06
5.000000000000000000e-01 7.601003195743041374e+01 3.810269332811442276e-04 1.175592946636272356e-05
5.000000000000000000e-01 8.581905460763545079e+01 4.812677915820614671e-04 1.484456358877766241e-05
5.000000000000000000e-01 9.689392234268562731e+01 6.061599230662645865e-04 1.869040800681174921e-05
5.000000000000000000e-01 1.093979912721515291e+02 7.605761344255999954e-04 2.344183064930712427e-05
5.000000000000000000e-01 1.204272176112011437e+02 9.069893131625079421e-04 2.794337996860470292e-05
5.000000000000000000e-01 1.235156984568616565e+02 9.494768674728377988e-04 2.924902390537199615e-05
5.000000000000000000e-01 1.328852056399460935e+02 1.081770772611206259e-03 3.331252092461847302e-05
5.000000000000000000e-01 1.394552823857013095e+02 1.177136932307257721e-03 3.623996628180935805e-05
5.000000000000000000e-01 1.453431936686910433e+02 1.264042858484277967e-03 3.890639114577662614e-05
5.000000000000000000e-01 1.574518545273654127e+02 1.445714519469712108e-03 4.447627177367657403e-05
5.000000000000000000e-01 1.578011816974359931e+02 1.450993907300391749e-03 4.463804813363872573e-05
5.000000000000000000e-01 1.702591697261809145e+02 1.639616319850305953e-03 5.041478029988564103e-05
5.000000000000000000e-01 1.777708672629565854e+02 1.752839803231843411e-03 5.387924238510319639e-05
5.000000000000000000e-01 1.827171577549258643e+02 1.826761030846785509e-03 5.613979905738303782e-05
5.000000000000000000e-01 1.951751457836708141e+02 2.009203337462923261e-03 6.171426605449176401e-05
5.000000000000000000e-01 2.007120293520019061e+02 2.087933848198897119e-03 6.411762542102742248e-05
5.000000000000000000e-01 2.076331338124157355e+02 2.183717967814953996e-03 6.703959050917212507e-05
5.000000000000000000e-01 2.200911218411607138e+02 2.347160537777213864e-03 7.201990984914748302e-05
5.000000000000000000e-01 2.325491098699056352e+02 2.496551976860040406e-03 7.656465011284462833e-05
5.000000000000000000e-01 2.450070978986505850e+02 2.629162143384962749e-03 8.059105206813883728e-05
5.000000000000000000e-01 2.574650859273955348e+02 2.742588723055863677e-03 8.402654556621495113e-05
5.000000000000000000e-01 2.699230739561404562e+02 2.834827623516715956e-03 8.681085856021983013e-05
5.000000000000000000e-01 2.823810619848854344e+02 2.904331433288108964e-03 8.889775824801778568e-05
5.000000000000000000e-01 2.948390500136303558e+02 2.950053082413108246e-03 9.025633920430178392e-05
5.000000000000000000e-01 3.072970380423753340e+02 2.971472585233310773e-03 9.087179596465504508e-05
5.000000000000000000e-01 3.197550260711202554e+02 2.967500851870522125e-03 9.070659796553782528e-05
5.000000000000000000e-01 3.322130140998651768e+02 2.939212435509844408e-03 8.980197232028939015e-05
5.000000000000000000e-01 3.446710021286101551e+02 2.888505687866119945e-03 8.821469987012644490e-05
5.000000000000000000e-01 3.571289901573550765e+02 2.816716166303222420e-03 8.598961778519697457e-05
5.000000000000000000e-01 3.695869781861000547e+02 2.725869261091553013e-03 8.318367872231086362e-05
5.000000000000000000e-01 3.820449662148449761e+02 2.617936580766362913e-03 7.986381657570644390e-05
5.000000000000000000e-01 3.945029542435898975e+02 2.495522914489028358e-03 7.610457056518929453e-05
5.000000000000000000e-01 4.069609422723348189e+02 2.361362416242472010e-03 7.198557759336413802e-05
5.000000000000000000e-01 4.194189303010798540e+02 2.217883278022118702e-03 6.758904271808336296e-05
5.000000000000000000e-01 4.318769183298247754e+02 2.067867785602299502e-03 6.299729166124014236e-05
5.000000000000000000e-01 4.443349063585696967e+02 1.913978701659472051e-03 5.829049824056408742e-05
5.000000000000000000e-01 4.567928943873146181e+02 1.758631375308058586e-03 5.354466448077534928e-05
5.000000000000000000e-01 4.692508824160595395e+02 1.604301553453807124e-03 4.882991313893493194e-05
5.000000000000000000e-01 4.817088704448045746e+02 1.452890378881457759e-03 4.420913276137168960e-05
5.000000000000000000e-01 4.897373516188846452e+02 1.357789524321198309e-03 4.130698762342836566e-05
5.000000000000000000e-01 4.963975746184034392e+02 1.280749188302811575e-03 3.895556715899397269e-05
5.000000000000000000e-01 5.030577976179221764e+02 1.205483483822895842e-03 3.666196283194078360e-05
5.000000000000000000e-01 5.097180206174409705e+02 1.132330447469052665e-03 3.443186699455700814e-05
5.000000000000000000e-01 5.163782436169597077e+02 1.061434005073450763e-03 3.227022966568398010e-05
5.000000000000000000e-01 5.230384666164784448e+02 9.928439503680598372e-04 3.018126844198717662e-05
5.000000000000000000e-01 5.296986896159972957e+02 9.267544606889015343e-04 2.816848483363035440e-05
5.000000000000000000e-01 5.363589126155160329e+02 8.632693988730592068e-04 2.623468639603042705e-05
5.000000000000000000e-01 5.430191356150347701e+02 8.024620195524909084e-04 2.438201399612469514e-05
5.000000000000000000e-01 5.496793586145536210e+02 7.442934298345497187e-04 2.261197353069527852e-05
5.000000000000000000e-01 5.563395816140723582e+02 6.889194039487686085e-04 2.092547140521761308e-05
5.000000000000000000e-01 5.629998046135910954e+02 6.361903981425905304e-04 1.932285308371795387e-05
5.000000000000000000e-01 5.696600276131098326e+02 5.863135956765565650e-04 1.780394403236438126e-05
5.000000000000000000e-01 5.763202506126286835e+02 5.391101811714859963e-04 1.636809240097456011e-05
5.000000000000000000e-01 5.829804736121474207e+02 4.946257048934209243e-04 1.501421281621946123e-05
5.000000000000000000e-01 5.896406966116662716e+02 4.527492973003375719e-04 1.374083069687636673e-05
5.000000000000000000e-01 5.963009196111850088e+02 4.134402197388350369e-04 1.254612654385104394e-05
5.000000000000000000e-01 6.029611426107037460e+02 3.765998417676935032e-04 1.142797970464924034e-05
5.000000000000000000e-01 6.096213656102224832e+02 3.422833476925702398e-04 1.038401116235436350e-05
5.000000000000000000e-01 6.162815886097413340e+02 3.102216533315903897e-04 9.411624951818980280e-06
5.000000000000000000e-01 6.229418116092600712e+02 2.805455227901429275e-04 8.508047859623401609e-06
5.000000000000000000e-01 6.296020346087788084e+02 2.529663867431674153e-04 7.670367118386205323e-06
5.000000000000000000e-01 6.362622576082976593e+02 2.274623989229174572e-04 6.895565859317496349e-06
5.000000000000000000e-01 6.429224806078163965e+02 2.038693864569623743e-04 6.180556138662642011e-06
5.000000000000000000e-01 6.495827036073351337e+02 1.822071975695699017e-04 5.522209403185109474e-06
5.000000000000000000e-01 6.562429266068538709e+02 1.622034631649391871e-04 4.917384306479890070e-06
5.000000000000000000e-01 6.629031496063727218e+02 1.438913521106305240e-04 4.362951831203466479e-06
5.000000000000000000e-01 6.695633726058914590e+02 1.272563191005917239e-04 3.855817711874877436e-06
5.000000000000000000e-01 6.762235956054101962e+02 1.118919515681120023e-04 3.392942188472361783e-06
5.000000000000000000e-01 6.828838186049290471e+02 9.807769832538372804e-05 2.971357152450939210e-06
5.000000000000000000e-01 6.895440416044477843e+02 8.544902156632769091e-05 2.588180773960208067e-06
5.000000000000000000e-01 6.962042646039665215e+02 7.388500890695732658e-05 2.240629721959105902e-06
5.000000000000000000e-01 7.028644876034852587e+02 6.362060570665176358e-05 1.926029107688854718e-06
5.000000000000000000e-01 7.095247106030041095e+02 5.427104173828389974e-05 1.641820296729008259e-06
5.000000000000000000e-01 7.161849336025228467e+02 4.575795810513688352e-05 1.385566745831416714e-06
5.000000000000000000e-01 7.228451566020416976e+02 3.821860789165407992e-05 1.154958028154468270e-06
5.000000000000000000e-01 7.295053796015604348e+02 3.138894698926072898e-05 9.478122146946795655e-07
5.000000000000000000e-01 7.361656026010791720e+02 2.513764449035478136e-05 7.620767809455033048e-07
5.000000000000000000e-01 7.428258256005979092e+02 1.929355751556532288e-05 5.958282064352505397e-07
5.000000000000000000e-01 7.494860486001166464e+02 1.382533396633050567e-05 4.472704311427503395e-07
5.000000000000000000e-01 7.561462715996354973e+02 9.302296002695944682e-06 3.147323271992068336e-07
5.000000000000000000e-01 7.628064945991542345e+02 5.125887025097271746e-06 1.966643370872578384e-07
5.000000000000000000e-01 7.694667175986730854e+02 2.281214313271488465e-06 9.163442106241244849e-08
5.000000000000000000e-01 7.761269405981918226e+02 0.000000000000000000e+00 0.000000000000000000e+00
5.000000000000000000e-01 7.827871635977105598e+02 0.000000000000000000e+00 0.000000000000000000e+00
5.000000000000000000e-01 7.894473865972292970e+02 0.000000000000000000e+00 0.000000000000000000e+00
5.000000000000000000e-01 7.961076095967480342e+02 0.000000000000000000e+00 0.000000000000000000e+00
5.000000000000000000e-01 8.027678325962668850e+02 0.000000000000000000e+00 0.000000000000000000e+00
5.000000000000000000e-01 8.028481174080076244e+02 0.000000000000000000e+00 0.000000000000000000e+00
9.989999999999999991e-01 1.980000000000000071e+01 2.673480640394332097e-05 8.224571501796860280e-07
9.989999999999999991e-01 2.000000000000000000e+01 2.727750292133080792e-05 8.391200589881064544e-07
9.989999999999999991e-01 2.258097877732227587e+01 3.476843546753934387e-05 1.069030204223483433e-06
9.989999999999999991e-01 2.549503012709394767e+01 4.431167305931993730e-05 1.361707454240960715e-06
9.989999999999999991e-01 2.878513671135503671e+01 5.646581895655714651e-05 1.734144963642209150e-06
9.989999999999999991e-01 3.249982805907141881e+01 7.193890554069380910e-05 2.207845533761010567e-06
9.989999999999999991e-01 3.669389638342573079e+01 9.162654955505258089e-05 2.809959430166346465e-06
9.989999999999999991e-01 4.142920477456994632e+01 1.166585779684266110e-04 3.574669839886645097e-06
9.989999999999999991e-01 4.677559968879512553e+01 1.484550728471745553e-04 4.544851696512491780e-06
9.989999999999999991e-01 5.281194119346025673e+01 1.887921010544921035e-04 5.774008628523515984e-06
9.989999999999999991e-01 5.962726616393590007e+01 2.398758793135352229e-04 7.328447168314084903e-06
9.989999999999999991e-01 6.732210158987918192e+01 3.044211133271180667e-04 9.289557618475120432e-06
9.989999999999999991e-01 7.600994736228976478e+01 3.857236209903888648e-04 1.175590419146502281e-05
9.989999999999999991e-01 8.581895041266245983e+01 4.877072695897724736e-04 1.484452914446229171e-05
9.989999999999999991e-01 9.689379489802017531e+01 6.149078571873497871e-04 1.869036169979695032e-05
9.989999999999999991e-01 1.093978363123205355e+02 7.723277132896411721e-04 2.344176932185127124e-05
9.989999999999999991e-01 1.204269861064577043e+02 9.216914612083662930e-04 2.794328278945573497e-05
9.989999999999999991e-01 1.235155110026743586e+02 9.650494237022349143e-04 2.924894411415098210e-05
9.989999999999999991e-01 1.328849501864361002e+02 1.100076897742544545e-03 3.331240823952114262e-05
9.989999999999999991e-01 1.394550566310751947e+02 1.197431458122446548e-03 3.623986475801092963e-05
9.989999999999999991e-01 1.453429142664144820e+02 1.286154426043085866e-03 3.890626380694376144e-05
9.989999999999999991e-01 1.574515837088293324e+02 1.471627306631217037e-03 4.447614636972372704e-05
9.989999999999999991e-01 1.578008783463928637e+02 1.477016419003578628e-03 4.463790763341529775e-05
9.989999999999999991e-01 1.702588424263712454e+02 1.669556198836686474e-03 5.041462878102455738e-05
9.989999999999999991e-01 1.777705435092427138e+02 1.785103809873186649e-03 5.387909378176540428e-05
9.989999999999999991e-01 1.827168065063496272e+02 1.860526632114919802e-03 5.613963929868142906e-05
9.989999999999999991e-01 1.951747705863280089e+02 2.046609649543471542e-03 6.171410142923421907e-05
9.989999999999999991e-01 2.007116435107628547e+02 2.126876150756143880e-03 6.411745985610056893e-05
9.989999999999999991e-01 2.076327346663063906e+02 2.224494476579323785e-03 6.703942491529985177e-05
9.989999999999999991e-01 2.200906987462847724e+02 2.390961660102367339e-03 7.201974761176531729e-05
9.989999999999999991e-01 2.325486628262631541e+02 2.542969438744360246e-03 7.656449586146651899e-05
9.989999999999999991e-01 2.450066269062415358e+02 2.677738671391500808e-03 8.059091059281878503e-05
9.989999999999999991e-01 2.574645909862199460e+02 2.792832436339091461e-03 8.402642165827452453e-05
9.989999999999999991e-01 2.699225550661982993e+02 2.886226552455692287e-03 8.681075684454079200e-05
9.989999999999999991e-01 2.823805191461767095e+02 2.956367645997101841e-03 8.889768301471065275e-05
9.989999999999999991e-01 2.948384832261550628e+02 3.002215968196214092e-03 9.025629424791651689e-05
9.989999999999999991e-01 3.072964473061334729e+02 3.023270920556343170e-03 9.087178443893220475e-05
9.989999999999999991e-01 3.197544113861118262e+02 3.018674978574031973e-03 9.070662518870402434e-05
9.989999999999999991e-01 3.322123754660902364e+02 2.989209762182203686e-03 8.980203651686778188e-05
9.989999999999999991e-01 3.446703395460685897e+02 2.937011280448065167e-03 8.821480170460063415e-05
9.989999999999999991e-01 3.571283036260469999e+02 2.863252806699707626e-03 8.598975698147483747e-05
9.989999999999999991e-01 3.695862677060253532e+02 2.769432859036874243e-03 8.318385407598477348e-05
9.989999999999999991e-01 3.820442317860037633e+02 2.659535144600810256e-03 7.986402600272198189e-05
9.989999999999999991e-01 3.945021958659821735e+02 2.534169816203246661e-03 7.610481118375923100e-05
9.989999999999999991e-01 4.069601599459605268e+02 2.397810828575231649e-03 7.198584583431999332e-05
9.989999999999999991e-01 4.194181240259389369e+02 2.251276564499292334e-03 6.758933445756929858e-05
9.989999999999999991e-01 4.318760881059172902e+02 2.096848371564954700e-03 6.299760236877430654e-05
9.989999999999999991e-01 4.443340521858957004e+02 1.941229039446439432e-03 5.829082313507164535e-05
9.989999999999999991e-01 4.567920162658740537e+02 1.782918066820664759e-03 5.354499868722104321e-05
9.989999999999999991e-01 4.692499803458524639e+02 1.626589914915551422e-03 4.883025183863430217e-05
9.989999999999999991e-01 4.817079444258308172e+02 1.472644065034901459e-03 4.420947132986965429e-05
9.989999999999999991e-01 4.897364101662613507e+02 1.375957264555068308e-03 4.130732379957560176e-05
9.989999999999999991e-01 4.963966203624185027e+02 1.297619263575234628e-03 3.895590006675453529e-05
9.989999999999999991e-01 5.030568305585756548e+02 1.221270618853399076e-03 3.666229138027401698e-05
9.989999999999999991e-01 5.097170407547328068e+02 1.147065951995129710e-03 3.443219016704935579e-05
9.989999999999999991e-01 5.163772509508899020e+02 1.074975254596304474e-03 3.227054652530877456e-05
9.989999999999999991e-01 5.230374611470471109e+02 1.005321930375591231e-03 3.018157813478669507e-05
9.989999999999999991e-01 5.296976713432042061e+02 9.389747994953826296e-04 2.816878659133606767e-05
9.989999999999999991e-01 5.363578815393614150e+02 8.750165826770069577e-04 2.623497953764977693e-05
9.989999999999999991e-01 5.430180917355185102e+02 8.125575101695510201e-04 2.438229792853860157e-05
9.989999999999999991e-01 5.496783019316756054e+02 7.532560353298959092e-04 2.261224774831889953e-05
9.989999999999999991e-01 5.563385121278328143e+02 6.965114929257372554e-04 2.092573548878873190e-05
9.989999999999999991e-01 5.629987223239899095e+02 6.426633286908107036e-04 1.932310669828544847e-05
9.989999999999999991e-01 5.696589325201471183e+02 5.931760258429456768e-04 1.780418692455407320e-05
9.989999999999999991e-01 5.763191427163042135e+02 5.452512042967315106e-04 1.636832439561641396e-05
9.989999999999999991e-01 5.829793529124614224e+02 5.011732601194519594e-04 1.501443381242159712e-05
9.989999999999999991e-01 5.896395631086185176e+02 4.583341797418761339e-04 1.374104066363386529e-05
9.989999999999999991e-01 5.962997733047757265e+02 4.176215412007821246e-04 1.254632551527698821e-05
9.989999999999999991e-01 6.029599835009328217e+02 3.798147778588485874e-04 1.142816777491362107e-05
9.989999999999999991e-01 6.096201936970899169e+02 3.454837370070713105e-04 1.038418848041482779e-05
9.989999999999999991e-01 6.162804038932471258e+02 3.119149545510488224e-04 9.411791716022358551e-06
9.989999999999999991e-01 6.229406140894042210e+02 2.846912295393074855e-04 8.508204312253283701e-06
9.989999999999999991e-01 6.296008242855614299e+02 2.556387311729989178e-04 7.670513540225573415e-06
9.989999999999999991e-01 6.362610344817185251e+02 2.293261242124991115e-04 6.895702564289756720e-06
9.989999999999999991e-01 6.429212446778756203e+02 2.062245524786668425e-04 6.180683468607302851e-06
9.989999999999999991e-01 6.495814548740328291e+02 1.831407811993034725e-04 5.522327722818199972e-06
9.989999999999999991e-01 6.562416650701900380e+02 1.627168269197974530e-04 4.917493998581402959e-06
9.989999999999999991e-01 6.629018752663471332e+02 1.449288568986607578e-04 4.363053292067564609e-06
9.989999999999999991e-01 6.695620854625042284e+02 1.269691953720047581e-04 3.855911347051391585e-06
9.989999999999999991e-01 6.762222956586614373e+02 1.139722611297626148e-04 3.393028408821710988e-06
9.989999999999999991e-01 6.828825058548185325e+02 9.887326279752172700e-05 2.971436370527757905e-06
9.989999999999999991e-01 6.895427160509757414e+02 8.603647234896744924e-05 2.588253400735385327e-06
9.989999999999999991e-01 6.962029262471328366e+02 7.457040095459100705e-05 2.240696163884097148e-06
9.989999999999999991e-01 7.028631364432899318e+02 6.351918327409654147e-05 1.926089764101265120e-06
9.989999999999999991e-01 7.095233466394471407e+02 5.356007966200087498e-05 1.641875557593972178e-06
9.989999999999999991e-01 7.161835568356043495e+02 4.613951566887604193e-05 1.385616989809128883e-06
9.989999999999999991e-01 7.228437670317614447e+02 3.813931592563029005e-05 1.155003620981246120e-06
9.989999999999999991e-01 7.295039772279185399e+02 3.176013544877441010e-05 9.478535078617273511e-07
9.989999999999999991e-01 7.361641874240757488e+02 2.447725224298020222e-05 7.621141106576667870e-07
9.989999999999999991e-01 7.428243976202328440e+02 2.018754527987226508e-05 5.958618928300994063e-07
9.989999999999999991e-01 7.494846078163900529e+02 1.397912834763062210e-05 4.473007777491675030e-07
9.989999999999999991e-01 7.561448180125471481e+02 1.129363824381533410e-05 3.147596206139532422e-07
9.989999999999999991e-01 7.628050282087042433e+02 6.733636900885937827e-06 1.966888468475006872e-07
9.989999999999999991e-01 7.694652384048614522e+02 3.340918245831189693e-06 9.165639969241840032e-08
9.989999999999999991e-01 7.761254486010186611e+02 0.000000000000000000e+00 0.000000000000000000e+00
9.989999999999999991e-01 7.827856587971757563e+02 0.000000000000000000e+00 0.000000000000000000e+00
9.989999999999999991e-01 7.894458689933328515e+02 0.000000000000000000e+00 0.000000000000000000e+00
9.989999999999999991e-01 7.961060791894899467e+02 0.000000000000000000e+00 0.000000000000000000e+00
9.989999999999999991e-01 8.027662893856471555e+02 0.000000000000000000e+00 0.000000000000000000e+00
9.989999999999999991e-01 8.028465740430514188e+02 0.000000000000000000e+00 0.000000000000000000e+00
