# mx [GeV]: 0.001
# sigma_p [cm^2]: 1e-31
# depth [m]: 1700.0
# loc: MOD
# Columns: gamma/pi, v [km/s], f(v, gamma) [s/km], f[with reflection](v, gamma) [s/km]
1.000000000000000021e-03 1.980000000000000071e+01 2.739646992874240357e-05 6.230567764829929746e-11
1.000000000000000021e-03 2.000000000000000000e+01 2.795151654023315030e-05 6.608563070011178833e-11
1.000000000000000021e-03 2.241792037373291535e+01 3.509885330163052140e-05 1.288452354015047794e-10
1.000000000000000021e-03 2.512815769415147926e+01 4.406738511218027433e-05 2.506412633589280259e-10
1.000000000000000021e-03 2.816605191630459615e+01 5.531739495736065243e-05 4.862436680966325739e-10
1.000000000000000021e-03 3.157121545510720395e+01 6.942325010491249095e-05 9.404204293476909501e-10
1.000000000000000021e-03 3.538804970872796218e+01 8.710030986188422816e-05 1.812320456688654751e-09
1.000000000000000021e-03 3.966632402759828580e+01 1.092373093567885426e-04 3.478164731962104352e-09
1.000000000000000021e-03 4.446182467846936959e+01 1.369347348859011428e-04 6.643128474816405115e-09
1.000000000000000021e-03 4.983708226563997101e+01 1.715492601802757415e-04 1.261699807628794706e-08
1.000000000000000021e-03 5.586218709451470232e+01 2.147433601686663353e-04 2.380597637111515474e-08
1.000000000000000021e-03 6.261570310937005246e+01 2.685373476432378263e-04 4.457245244891758436e-08
1.000000000000000021e-03 7.018569232255791235e+01 3.353575739664513473e-04 8.269930193696898478e-08
1.000000000000000021e-03 7.867086309312108483e+01 4.180681621588673981e-04 1.518004651810602428e-07
1.000000000000000021e-03 8.818185722772163615e+01 5.199623164695738606e-04 2.751118363429512751e-07
1.000000000000000021e-03 9.884269268694738741e+01 6.446696046077288493e-04 4.910778527037386540e-07
1.000000000000000021e-03 1.049355036645064985e+02 7.203989037652026731e-04 6.606636282629680154e-07
1.000000000000000021e-03 1.107923807090669612e+02 7.959025865758925919e-04 8.607964924326164253e-07
1.000000000000000021e-03 1.157909005953175097e+02 8.622157397737712642e-04 1.063416682088181222e-06
1.000000000000000021e-03 1.241867384376082839e+02 9.769133835060255910e-04 1.476278539207029175e-06
1.000000000000000021e-03 1.266462975261285351e+02 1.011181283475748836e-03 1.615598363817091529e-06
1.000000000000000021e-03 1.375016944569395605e+02 1.165081708415343200e-03 2.336882074252811387e-06
1.000000000000000021e-03 1.392004206883949564e+02 1.189453683932576193e-03 2.465985733093801700e-06
1.000000000000000021e-03 1.483570913877505859e+02 1.321434122806314617e-03 3.239772785338707032e-06
1.000000000000000021e-03 1.560291973491282533e+02 1.431938844905149754e-03 3.989650215268323554e-06
1.000000000000000021e-03 1.592124883185615829e+02 1.477508042130580264e-03 4.327600155437421055e-06
1.000000000000000021e-03 1.700678852493726083e+02 1.630363392251883660e-03 5.593180674714625674e-06
1.000000000000000021e-03 1.748925061075108260e+02 1.696460666809015668e-03 6.208349509666561826e-06
1.000000000000000021e-03 1.809232821801836053e+02 1.776906405248835112e-03 7.018292212419790711e-06
1.000000000000000021e-03 1.917786791109946307e+02 1.913963650288879464e-03 8.574022170478512781e-06
1.000000000000000021e-03 2.026340760418056561e+02 2.038373067124128746e-03 1.022196580741546191e-05
1.000000000000000021e-03 2.134894729726166815e+02 2.147089317774208885e-03 1.191617259035286994e-05
1.000000000000000021e-03 2.243448699034277070e+02 2.237299158450386377e-03 1.360567300654646727e-05
1.000000000000000021e-03 2.352002668342387324e+02 2.306541007782904589e-03 1.523737176880131273e-05
1.000000000000000021e-03 2.460556637650497578e+02 2.352821622015900324e-03 1.675906916479802080e-05
1.000000000000000021e-03 2.569110606958607264e+02 2.374721960930850292e-03 1.812237152044102585e-05
1.000000000000000021e-03 2.677664576266717518e+02 2.371484102478245166e-03 1.928527299494528952e-05
1.000000000000000021e-03 2.786218545574827772e+02 2.343071559215734439e-03 2.021423078007790225e-05
1.000000000000000021e-03 2.894772514882938026e+02 2.290196621144979620e-03 2.088560906075466805e-05
1.000000000000000021e-03 3.003326484191048280e+02 2.214310364726030777e-03 2.128642772819583129e-05
1.000000000000000021e-03 3.111880453499158534e+02 2.117553600608139061e-03 2.141441331092710436e-05
1.000000000000000021e-03 3.220434422807268788e+02 2.001001324838334698e-03 2.072971149242226085e-05
1.000000000000000021e-03 3.328988392115379042e+02 1.869834463236710615e-03 1.968981740528959068e-05
1.000000000000000021e-03 3.437542361423488728e+02 1.727246806026709776e-03 1.805638776900408908e-05
1.000000000000000021e-03 3.546096330731598982e+02 1.577406504728933075e-03 1.638639122848225681e-05
1.000000000000000021e-03 3.654650300039709236e+02 1.424013592723385579e-03 1.473773981017132992e-05
1.000000000000000021e-03 3.763204269347819491e+02 1.269993052842518632e-03 1.280335366814336134e-05
1.000000000000000021e-03 3.871758238655929745e+02 1.120093092356027296e-03 1.141257091747293838e-05
1.000000000000000021e-03 3.980312207964039999e+02 9.749730943632030876e-04 9.450717049856581875e-06
1.000000000000000021e-03 4.088866177272149685e+02 8.384463799747060662e-04 7.744844722424323877e-06
1.000000000000000021e-03 4.197420146580259939e+02 7.127858669002836139e-04 6.470228231561243109e-06
1.000000000000000021e-03 4.267377149023263883e+02 6.372737462452359022e-04 5.495051285419935553e-06
1.000000000000000021e-03 4.325411692113747790e+02 5.784678186752292145e-04 4.769187004445178372e-06
1.000000000000000021e-03 4.383446235204231698e+02 5.224601585698850689e-04 3.841894743537706362e-06
1.000000000000000021e-03 4.441480778294715037e+02 4.715604898986744615e-04 3.545089605473832387e-06
1.000000000000000021e-03 4.499515321385198945e+02 4.235845215187763677e-04 3.065409115811823949e-06
1.000000000000000021e-03 4.557549864475682853e+02 3.788872039439627982e-04 2.565013811512342514e-06
1.000000000000000021e-03 4.615584407566166760e+02 3.371865535946397003e-04 2.003013711192261235e-06
1.000000000000000021e-03 4.673618950656650668e+02 2.995560994791495032e-04 1.705625441055419764e-06
1.000000000000000021e-03 4.731653493747134576e+02 2.647546984748479128e-04 1.376435008871231837e-06
1.000000000000000021e-03 4.789688036837618483e+02 2.328618354600020209e-04 1.088762567184636147e-06
1.000000000000000021e-03 4.847722579928101823e+02 2.039602271485714286e-04 8.980395388151540995e-07
1.000000000000000021e-03 4.905757123018585730e+02 1.778586367398712279e-04 7.898295620259637024e-07
1.000000000000000021e-03 4.963791666109069638e+02 1.543655889747288547e-04 7.392645527452300810e-07
1.000000000000000021e-03 5.021826209199553546e+02 1.333174051594518438e-04 7.099564474037063466e-07
1.000000000000000021e-03 5.079860752290037453e+02 1.146660319507484193e-04 6.874954312733083406e-07
1.000000000000000021e-03 5.137895295380520793e+02 9.830046219761056519e-05 6.679028126425181407e-07
1.000000000000000021e-03 5.195929838471005269e+02 8.383339456330005047e-05 6.484102045882467724e-07
1.000000000000000021e-03 5.253964381561488608e+02 7.099555370839623889e-05 6.282436250042840149e-07
1.000000000000000021e-03 5.311998924651973084e+02 5.980724345614226155e-05 6.081371560109958092e-07
1.000000000000000021e-03 5.370033467742456423e+02 5.056096092145131364e-05 5.904958953456212446e-07
1.000000000000000021e-03 5.428068010832939763e+02 4.208317516983609832e-05 5.695345552350227358e-07
1.000000000000000021e-03 5.486102553923424239e+02 3.473499773715475975e-05 5.479711646812864829e-07
1.000000000000000021e-03 5.544137097013907578e+02 2.841804675457974878e-05 5.258789953155653557e-07
1.000000000000000021e-03 5.602171640104392054e+02 2.380915419448591009e-05 5.092158687790459497e-07
1.000000000000000021e-03 5.660206183194875393e+02 1.929363281485343572e-05 4.872373903131013574e-07
1.000000000000000021e-03 5.718240726285359870e+02 1.571900339754316508e-05 4.670734506559492303e-07
1.000000000000000021e-03 5.776275269375843209e+02 1.260834505620010986e-05 4.454704366998837082e-07
1.000000000000000021e-03 5.834309812466326548e+02 1.036262706277283436e-05 4.280599907534243713e-07
1.000000000000000021e-03 5.892344355556811024e+02 7.889354073245229550e-06 4.006561726923434756e-07
1.000000000000000021e-03 5.950378898647294363e+02 6.217840456414860859e-06 3.788708847029736411e-07
1.000000000000000021e-03 6.008413441737778840e+02 4.948224030991358509e-06 3.592544271597663578e-07
1.000000000000000021e-03 6.066447984828262179e+02 3.890968414470313857e-06 3.381783319228670216e-07
1.000000000000000021e-03 6.124482527918746655e+02 3.034890553432031571e-06 3.157925915623175652e-07
1.000000000000000021e-03 6.182517071009229994e+02 2.381759541913012039e-06 2.951327986268810986e-07
1.000000000000000021e-03 6.240551614099713333e+02 1.842817044896495387e-06 2.698287885326503415e-07
1.000000000000000021e-03 6.298586157190197810e+02 1.449004453555528224e-06 2.502613588638359320e-07
1.000000000000000021e-03 6.356620700280681149e+02 1.142210167525736389e-06 2.333197226158364407e-07
1.000000000000000021e-03 6.414655243371164488e+02 8.930285342960495817e-07 2.127480568594778580e-07
1.000000000000000021e-03 6.472689786461648964e+02 6.970169516825216074e-07 1.906394286281412187e-07
1.000000000000000021e-03 6.530724329552133440e+02 5.447618457155694483e-07 1.711652325362712287e-07
1.000000000000000021e-03 6.588758872642616780e+02 4.246745715611172025e-07 1.500021232477566788e-07
1.000000000000000021e-03 6.646793415733100119e+02 3.303639418765471259e-07 1.270421955124239366e-07
1.000000000000000021e-03 6.704827958823584595e+02 2.565825510135693367e-07 1.098489224437678814e-07
1.000000000000000021e-03 6.762862501914067934e+02 1.963103292955128724e-07 9.124736249244409669e-08
1.000000000000000021e-03 6.820897045004551273e+02 1.378747955474152978e-07 6.236272375961225340e-08
1.000000000000000021e-03 6.878931588095035750e+02 9.344450736202554671e-08 4.695418866286490799e-08
1.000000000000000021e-03 6.936966131185520226e+02 4.696408519379044470e-08 2.453909512598027176e-08
1.000000000000000021e-03 6.995000674276003565e+02 3.368580230376577236e-09 1.296374848400643428e-09
1.000000000000000021e-03 6.995700244300433042e+02 0.000000000000000000e+00 0.000000000000000000e+00
5.000000000000000000e-01 1.980000000000000071e+01 2.739647903283267780e-05 7.076313116749513114e-11
5.000000000000000000e-01 2.000000000000000000e+01 2.795152630645069214e-05 7.515562501226769924e-11
5.000000000000000000e-01 2.257137240185480920e+01 3.557968576750395302e-05 1.551129374826528341e-10
5.000000000000000000e-01 2.547334260516064219e+01 4.528212222249700678e-05 3.200676849901271220e-10
5.000000000000000000e-01 2.874841511305577413e+01 5.761814343620075892e-05 6.601774475647747997e-10
5.000000000000000000e-01 3.244455917399463374e+01 7.329484129524265162e-05 1.361052732762775316e-09
5.000000000000000000e-01 3.661591137651238625e+01 9.320416494071975756e-05 2.804315002452225056e-09
5.000000000000000000e-01 4.132356857562864860e+01 1.184679552889235973e-04 5.773510260261601836e-09
5.000000000000000000e-01 4.663648276470497933e+01 1.504916738625113840e-04 1.187462908144177581e-08
5.000000000000000000e-01 5.263247099974196175e+01 1.910267772796145976e-04 2.439174279299331207e-08
5.000000000000000000e-01 5.939935516824996142e+01 2.422400089223104120e-04 5.002049635439301310e-08
5.000000000000000000e-01 6.703624829663043272e+01 3.067845774898033144e-04 1.023590457556493962e-07
5.000000000000000000e-01 7.565500623632252086e+01 3.878620262808391526e-04 2.088829939766464379e-07
5.000000000000000000e-01 8.538186599123417864e+01 4.892525033981863329e-04 4.247338449870291631e-07
5.000000000000000000e-01 9.635929468267048037e+01 6.152718503716650368e-04 8.595823798155086299e-07
5.000000000000000000e-01 1.087480762331312008e+02 7.705816855041450935e-04 1.728913528428216052e-06
5.000000000000000000e-01 1.194572976515562885e+02 9.143214663144903342e-04 2.958383289910994276e-06
5.000000000000000000e-01 1.227296663321650101e+02 9.597277627118729970e-04 3.449133931764136468e-06
5.000000000000000000e-01 1.318149491327517637e+02 1.088801825507233669e-03 5.160384689590354448e-06
5.000000000000000000e-01 1.385088501769339189e+02 1.186208858485444419e-03 6.806531676397999706e-06
5.000000000000000000e-01 1.441726006139472531e+02 1.269744639576049841e-03 8.500522060477586135e-06
5.000000000000000000e-01 1.563167419148144290e+02 1.450792258325648643e-03 1.323795335253200140e-05
5.000000000000000000e-01 1.565302520951427141e+02 1.453984721861096034e-03 1.333635988926526911e-05
5.000000000000000000e-01 1.688879035763382035e+02 1.638134002619252979e-03 2.005773854524632290e-05
5.000000000000000000e-01 1.764141697201951331e+02 1.748739586351225842e-03 2.524644248376969912e-05
5.000000000000000000e-01 1.812455550575336645e+02 1.818655466454555288e-03 2.906583897163683288e-05
5.000000000000000000e-01 1.936032065387291539e+02 1.991953959547312133e-03 4.074618296254688626e-05
5.000000000000000000e-01 1.990954960859271523e+02 2.065724344350511766e-03 4.688621798010214679e-05
5.000000000000000000e-01 2.059608580199246148e+02 2.154480553623287688e-03 5.543691403717576383e-05
5.000000000000000000e-01 2.183185095011201042e+02 2.302845699486077112e-03 7.339446436293312471e-05
5.000000000000000000e-01 2.306761609823155936e+02 2.433935198391887905e-03 9.475937373012729514e-05
5.000000000000000000e-01 2.430338124635110546e+02 2.545022209757104130e-03 1.195254821077458470e-04
5.000000000000000000e-01 2.553914639447065156e+02 2.633868224180805576e-03 1.475158688777641436e-04
5.000000000000000000e-01 2.677491154259020050e+02 2.698806244416639480e-03 1.783686877804514174e-04
5.000000000000000000e-01 2.801067669070974944e+02 2.738800358005155037e-03 2.115354177229268053e-04
5.000000000000000000e-01 2.924644183882929838e+02 2.753477405965226547e-03 2.462930431891416296e-04
5.000000000000000000e-01 3.048220698694884163e+02 2.743128429613503685e-03 2.817703822343876224e-04
5.000000000000000000e-01 3.171797213506839057e+02 2.708004770671350488e-03 3.169648665319865560e-04
5.000000000000000000e-01 3.295373728318793951e+02 2.649363272435938024e-03 3.507434185342991092e-04
5.000000000000000000e-01 3.418950243130748845e+02 2.570427942290813214e-03 3.820933327318634535e-04
5.000000000000000000e-01 3.542526757942703739e+02 2.473617207314412168e-03 4.100212966557324193e-04
5.000000000000000000e-01 3.666103272754658065e+02 2.361526917039896353e-03 4.336971972918690719e-04
5.000000000000000000e-01 3.789679787566612958e+02 2.237063533240962743e-03 4.524206033574150639e-04
5.000000000000000000e-01 3.913256302378567852e+02 2.103068174792027678e-03 4.656658662207594358e-04
5.000000000000000000e-01 4.036832817190522746e+02 1.962240742743174768e-03 4.731454715245577997e-04
5.000000000000000000e-01 4.160409332002477640e+02 1.817488211649369604e-03 4.747737590137189037e-04
5.000000000000000000e-01 4.283985846814432534e+02 1.671317092336829443e-03 4.706688174298743186e-04
5.000000000000000000e-01 4.407562361626386860e+02 1.526048955918106725e-03 4.611843629035690200e-04
5.000000000000000000e-01 4.531138876438341754e+02 1.383778229949653941e-03 4.467825740540051294e-04
5.000000000000000000e-01 4.654715391250296648e+02 1.246101423026884031e-03 4.280861884727166482e-04
5.000000000000000000e-01 4.778291906062251542e+02 1.114458154409030512e-03 4.058181008083916463e-04
5.000000000000000000e-01 4.857930104496622334e+02 1.033407202182737858e-03 3.899060666983698940e-04
5.000000000000000000e-01 4.923995920602071692e+02 9.685580243937530823e-04 3.759517157505303160e-04
5.000000000000000000e-01 4.990061736707521050e+02 9.060429825825644899e-04 3.614635063975256564e-04
5.000000000000000000e-01 5.056127552812970407e+02 8.459967871880905458e-04 3.465509441745991755e-04
5.000000000000000000e-01 5.122193368918419765e+02 7.883706695690344832e-04 3.313073269421521480e-04
5.000000000000000000e-01 5.188259185023869122e+02 7.332425831833222149e-04 3.158549210553316831e-04
5.000000000000000000e-01 5.254325001129318480e+02 6.806641116489477780e-04 3.002769571227438365e-04
5.000000000000000000e-01 5.320390817234767837e+02 6.307154042341835696e-04 2.847059865078884595e-04
5.000000000000000000e-01 5.386456633340217195e+02 5.832224384601640034e-04 2.691829467018992997e-04
5.000000000000000000e-01 5.452522449445666552e+02 5.382924361896018013e-04 2.538412948786931706e-04
5.000000000000000000e-01 5.518588265551115910e+02 4.958133047108293813e-04 2.387113456025051223e-04
5.000000000000000000e-01 5.584654081656565268e+02 4.558323985904823251e-04 2.238993887948256042e-04
5.000000000000000000e-01 5.650719897762014625e+02 4.182159543947227501e-04 2.094223912896968939e-04
5.000000000000000000e-01 5.716785713867463983e+02 3.829485414265557499e-04 1.953685453604076211e-04
5.000000000000000000e-01 5.782851529972913340e+02 3.498934804455509028e-04 1.817270845483202391e-04
5.000000000000000000e-01 5.848917346078362698e+02 3.190640819819094134e-04 1.686088757500810913e-04
5.000000000000000000e-01 5.914983162183812055e+02 2.903518874624690712e-04 1.560234519590463398e-04
5.000000000000000000e-01 5.981048978289261413e+02 2.636445787764743909e-04 1.439720465656068628e-04
5.000000000000000000e-01 6.047114794394710771e+02 2.388647958278674005e-04 1.324652777574604912e-04
5.000000000000000000e-01 6.113180610500160128e+02 2.159265676118549712e-04 1.215380850583970535e-04
5.000000000000000000e-01 6.179246426605609486e+02 1.946889933201152517e-04 1.111370147651815667e-04
5.000000000000000000e-01 6.245312242711058843e+02 1.751600964750932104e-04 1.013719713987383867e-04
5.000000000000000000e-01 6.311378058816508201e+02 1.571694869896603751e-04 9.213734715284164535e-05
5.000000000000000000e-01 6.377443874921957558e+02 1.407085784741237138e-04 8.353715127909574643e-05
5.000000000000000000e-01 6.443509691027406916e+02 1.255923737584600536e-04 7.544257780352843935e-05
5.000000000000000000e-01 6.509575507132856274e+02 1.117708581929646586e-04 6.790080006966112678e-05
5.000000000000000000e-01 6.575641323238305631e+02 9.913754865092995494e-05 6.084499361570309115e-05
5.000000000000000000e-01 6.641707139343754989e+02 8.763463975815704915e-05 5.430676966795960621e-05
5.000000000000000000e-01 6.707772955449204346e+02 7.722459916143534176e-05 4.829899141743371481e-05
5.000000000000000000e-01 6.773838771554653704e+02 6.771317149134306525e-05 4.268022759326138050e-05
5.000000000000000000e-01 6.839904587660103061e+02 5.917202599025132815e-05 3.758159294037074431e-05
5.000000000000000000e-01 6.905970403765552419e+02 5.142913718358919375e-05 3.286601339155783479e-05
5.000000000000000000e-01 6.972036219871001776e+02 4.439435251848247211e-05 2.850258903983497396e-05
5.000000000000000000e-01 7.038102035976451134e+02 3.814389625191621949e-05 2.459827679182259331e-05
5.000000000000000000e-01 7.104167852081900492e+02 3.249859427912380161e-05 2.100389608965541152e-05
5.000000000000000000e-01 7.170233668187349849e+02 2.740138905946922252e-05 1.770976758876785908e-05
5.000000000000000000e-01 7.236299484292799207e+02 2.285579034351861456e-05 1.474404090287637854e-05
5.000000000000000000e-01 7.302365300398248564e+02 1.877822106970079285e-05 1.204749705134081965e-05
5.000000000000000000e-01 7.368431116503697922e+02 1.502555334744125847e-05 9.566187554397745867e-06
5.000000000000000000e-01 7.434496932609147279e+02 1.153149425635030992e-05 7.334558154296955855e-06
5.000000000000000000e-01 7.500562748714596637e+02 8.309624296903662252e-06 5.191319571799864766e-06
5.000000000000000000e-01 7.566628564820045995e+02 5.591926038628567474e-06 3.371496146471904955e-06
5.000000000000000000e-01 7.632694380925495352e+02 3.284581568159366620e-06 1.826895689495471882e-06
5.000000000000000000e-01 7.698760197030944710e+02 1.438685248111518817e-06 6.693635600240100518e-07
5.000000000000000000e-01 7.764826013136394067e+02 0.000000000000000000e+00 0.000000000000000000e+00
5.000000000000000000e-01 7.830891829241843425e+02 0.000000000000000000e+00 0.000000000000000000e+00
5.000000000000000000e-01 7.896957645347292782e+02 0.000000000000000000e+00 0.000000000000000000e+00
5.000000000000000000e-01 7.963023461452742140e+02 0.000000000000000000e+00 0.000000000000000000e+00
5.000000000000000000e-01 7.963819843437086092e+02 0.000000000000000000e+00 0.000000000000000000e+00
9.989999999999999991e-01 1.980000000000000071e+01 2.739648738582713833e-05 7.976276236457042888e-11
9.989999999999999991e-01 2.000000000000000000e+01 2.795153526771806211e-05 8.481311559987780131e-11
9.989999999999999991e-01 2.257993588212416469e+01 3.560663415145732288e-05 1.781003042949163374e-10
9.989999999999999991e-01 2.549267522204191394e+01 4.535068453670218182e-05 3.745788201234207543e-10
9.989999999999999991e-01 2.878114859887610422e+01 5.774894319235327064e-05 7.890612142586440261e-10
9.989999999999999991e-01 3.249382449882550361e+01 7.351656082496324366e-05 1.664983710182094048e-09
9.989999999999999991e-01 3.668542368742375714e+01 9.355633660821086517e-05 3.519504778469217790e-09
9.989999999999999991e-01 4.141772573352936604e+01 1.190046393545962850e-04 7.453233800206016661e-09
9.989999999999999991e-01 4.676047957232484720e+01 1.512862959537476890e-04 1.581247546901828164e-08
9.989999999999999991e-01 5.279243152802358452e+01 1.921785086184805459e-04 3.360639693187701866e-08
9.989999999999999991e-01 5.960248594821013057e+01 2.438822775402074033e-04 7.153919132353621929e-08
9.989999999999999991e-01 6.729101555628959375e+01 3.090967174377907316e-04 1.524906129411851137e-07
9.989999999999999991e-01 7.597134083520188597e+01 3.910859723305787372e-04 3.253254644325903393e-07
9.989999999999999991e-01 8.577140024689302322e+01 4.937183889935860184e-04 6.941604091789495982e-07
9.989999999999999991e-01 9.683563590474264515e+01 6.214405071940760309e-04 1.479829232357443408e-06
9.989999999999999991e-01 1.093271224916904600e+02 7.791204811492512001e-04 3.147125506954904599e-06
9.989999999999999991e-01 1.203213542740361106e+02 9.280566435341924261e-04 5.693464944320037519e-06
9.989999999999999991e-01 1.234299708019753012e+02 9.716523413041725735e-04 6.662401148146876655e-06
9.989999999999999991e-01 1.327683909230743211e+02 1.105943593610984660e-03 1.042166015372836138e-05
9.989999999999999991e-01 1.393520413320529201e+02 1.203151222483875250e-03 1.399733044673416106e-05
9.989999999999999991e-01 1.452154275721125600e+02 1.291096688316748474e-03 1.796836974701107267e-05
9.989999999999999991e-01 1.573280079160436173e+02 1.475495753707511829e-03 2.906152802922872796e-05
9.989999999999999991e-01 1.576624642211507705e+02 1.480619328941380070e-03 2.943145736927555339e-05
9.989999999999999991e-01 1.701095008701889810e+02 1.671440471311702288e-03 4.609957529047201233e-05
9.989999999999999991e-01 1.776228165603292837e+02 1.785916723669990708e-03 5.927779761103136235e-05
9.989999999999999991e-01 1.825565375192271915e+02 1.860372010981348103e-03 6.940509006182818397e-05
9.989999999999999991e-01 1.950035741682654020e+02 2.044175331228009502e-03 1.008470597098136369e-04
9.989999999999999991e-01 2.005355904567268510e+02 2.123375820538281247e-03 1.178192557316376667e-04
9.989999999999999991e-01 2.074506108173036409e+02 2.219634914259226328e-03 1.418848470223497461e-04
9.989999999999999991e-01 2.198976474663418514e+02 2.383636427668416480e-03 1.938068341088289162e-04
9.989999999999999991e-01 2.323446841153800619e+02 2.533246327796501163e-03 2.575829115431553171e-04
9.989999999999999991e-01 2.447917207644183009e+02 2.665789790420640838e-03 3.337133927678310845e-04
9.989999999999999991e-01 2.572387574134564829e+02 2.778923703036201287e-03 4.220900965759793295e-04
9.989999999999999991e-01 2.696857940624947219e+02 2.870701542046224120e-03 5.218868844488488458e-04
9.989999999999999991e-01 2.821328307115329608e+02 2.939627215050964228e-03 6.314963890305016602e-04
9.989999999999999991e-01 2.945798673605711429e+02 2.984695367274256030e-03 7.485267208936243182e-04
9.989999999999999991e-01 3.070269040096093818e+02 3.004072607633470875e-03 8.698665155914158710e-04
9.989999999999999991e-01 3.194739406586476207e+02 2.999355551742049174e-03 9.918201905797033053e-04
9.989999999999999991e-01 3.319209773076858028e+02 2.971845654009054680e-03 1.110305564945704817e-03
9.989999999999999991e-01 3.443680139567239848e+02 2.921218628896713517e-03 1.221099087561972009e-03
9.989999999999999991e-01 3.568150506057622806e+02 2.850220410801679663e-03 1.320108376360210750e-03
9.989999999999999991e-01 3.692620872548004627e+02 2.759340956992387128e-03 1.403642513777578074e-03
9.989999999999999991e-01 3.817091239038386448e+02 2.651276161233131166e-03 1.468658329942930689e-03
9.989999999999999991e-01 3.941561605528769405e+02 2.528458237572603438e-03 1.512953675165577784e-03
9.989999999999999991e-01 4.066031972019151226e+02 2.393878236875720752e-03 1.535292773660875765e-03
9.989999999999999991e-01 4.190502338509533047e+02 2.249504846468322345e-03 1.535450779686878264e-03
9.989999999999999991e-01 4.314972704999916004e+02 2.097888829405854770e-03 1.514180906984523680e-03
9.989999999999999991e-01 4.439443071490297825e+02 1.942955376225220581e-03 1.473111181134824843e-03
9.989999999999999991e-01 4.563913437980679646e+02 1.785974293079083640e-03 1.414577556434847829e-03
9.989999999999999991e-01 4.688383804471062604e+02 1.630101611683350358e-03 1.341433797023566885e-03
9.989999999999999991e-01 4.812854170961444424e+02 1.476761543846481133e-03 1.256830586039630899e-03
9.989999999999999991e-01 4.893068407144135108e+02 1.380279590650074304e-03 1.197748973393027855e-03
9.989999999999999991e-01 4.959612089458244100e+02 1.301972138334686136e-03 1.146726433914389484e-03
9.989999999999999991e-01 5.026155771772352523e+02 1.225510303657416237e-03 1.094325205992529833e-03
9.989999999999999991e-01 5.092699454086461515e+02 1.151196407133149406e-03 1.040989480504782641e-03
9.989999999999999991e-01 5.159243136400569938e+02 1.079029078671682679e-03 9.871103236220857540e-04
9.989999999999999991e-01 5.225786818714678930e+02 1.009221697887909171e-03 9.330920178395379558e-04
9.989999999999999991e-01 5.292330501028787921e+02 9.427231036846934467e-04 8.796631233681551391e-04
9.989999999999999991e-01 5.358874183342896913e+02 8.780886499978406666e-04 8.265492967826936800e-04
9.989999999999999991e-01 5.425417865657004768e+02 8.161876851322132347e-04 7.743544037451478759e-04
9.989999999999999991e-01 5.491961547971113760e+02 7.567558133569623081e-04 7.231607792783672399e-04
9.989999999999999991e-01 5.558505230285222751e+02 6.998731056032336762e-04 6.731858754782471619e-04
9.989999999999999991e-01 5.625048912599331743e+02 6.458821500115157627e-04 6.248331070658908609e-04
9.989999999999999991e-01 5.691592594913440735e+02 5.965319366686331433e-04 5.796761515751737426e-04
9.989999999999999991e-01 5.758136277227549726e+02 5.485178476706603287e-04 5.353709804068145081e-04
9.989999999999999991e-01 5.824679959541657581e+02 5.039676454093568398e-04 4.936935512634818210e-04
9.989999999999999991e-01 5.891223641855766573e+02 4.609771468680588400e-04 4.531437122763881881e-04
9.989999999999999991e-01 5.957767324169875565e+02 4.201095559286516907e-04 4.142237836235754473e-04
9.989999999999999991e-01 6.024311006483984556e+02 3.821511940140603046e-04 3.777444045053249678e-04
9.989999999999999991e-01 6.090854688798092411e+02 3.480905601695043249e-04 3.447545225864209815e-04
9.989999999999999991e-01 6.157398371112201403e+02 3.150213690992261363e-04 3.125581079212498971e-04
9.989999999999999991e-01 6.223942053426310395e+02 2.866154647958444376e-04 2.847692691423952031e-04
9.989999999999999991e-01 6.290485735740419386e+02 2.574174221169655869e-04 2.560915683527478521e-04
9.989999999999999991e-01 6.357029418054528378e+02 2.309683014350836421e-04 2.300202396132718205e-04
9.989999999999999991e-01 6.423573100368637370e+02 2.077447542615668279e-04 2.070724520945117417e-04
9.989999999999999991e-01 6.490116782682745225e+02 1.845279349975449950e-04 1.840660087517376523e-04
9.989999999999999991e-01 6.556660464996854216e+02 1.639832259560622158e-04 1.636732692829105077e-04
9.989999999999999991e-01 6.623204147310963208e+02 1.463374258850599571e-04 1.461385780421245852e-04
9.989999999999999991e-01 6.689747829625072200e+02 1.295102288338482988e-04 1.293917684769677924e-04
9.989999999999999991e-01 6.756291511939180054e+02 1.149424426535662386e-04 1.148822839116325550e-04
9.989999999999999991e-01 6.822835194253289046e+02 1.001988073808423500e-04 1.001774932296420925e-04
9.989999999999999991e-01 6.889378876567398038e+02 8.785760913210670267e-05 8.786368786036686011e-05
9.989999999999999991e-01 6.955922558881507030e+02 7.574100864071526466e-05 7.576336884238603592e-05
9.989999999999999991e-01 7.022466241195616021e+02 6.380507758502980745e-05 6.383511956432557743e-05
9.989999999999999991e-01 7.089009923509725013e+02 5.466197675816706882e-05 5.469752245159059076e-05
9.989999999999999991e-01 7.155553605823832868e+02 4.658907415616503833e-05 4.662671062797012125e-05
9.989999999999999991e-01 7.222097288137941860e+02 3.851926223449103414e-05 3.855503025002616357e-05
9.989999999999999991e-01 7.288640970452050851e+02 3.208378910176933074e-05 3.211743780088280407e-05
9.989999999999999991e-01 7.355184652766159843e+02 2.615089864653109914e-05 2.618103434238042281e-05
9.989999999999999991e-01 7.421728335080267698e+02 2.040232991237992516e-05 2.042748982946932649e-05
9.989999999999999991e-01 7.488272017394376689e+02 1.601253840259894777e-05 1.603366429114769763e-05
9.989999999999999991e-01 7.554815699708485681e+02 1.141893581375538171e-05 1.143478889249551949e-05
9.989999999999999991e-01 7.621359382022594673e+02 7.417807955702742262e-06 7.428539148861144760e-06
9.989999999999999991e-01 7.687903064336703665e+02 3.379456777929591359e-06 3.384541720471597971e-06
9.989999999999999991e-01 7.754446746650812656e+02 1.367053306082678175e-07 1.369004990746292393e-07
9.989999999999999991e-01 7.820990428964921648e+02 0.000000000000000000e+00 0.000000000000000000e+00
9.989999999999999991e-01 7.887534111279029503e+02 0.000000000000000000e+00 0.000000000000000000e+00
9.989999999999999991e-01 7.954077793593138495e+02 0.000000000000000000e+00 0.000000000000000000e+00
9.989999999999999991e-01 8.020621475907247486e+02 0.000000000000000000e+00 0.000000000000000000e+00
9.989999999999999991e-01 8.021423618269074041e+02 0.000000000000000000e+00 0.000000000000000000e+00
