# mx [GeV]: 0.01
# sigma_p [cm^2]: 1e-33
# depth [m]: 1700.0
# loc: MOD
# Columns: gamma/pi, v [km/s], f(v, gamma) [s/km], f[with reflection](v, gamma) [s/km]
1.000000000000000021e-03 1.980000000000000071e+01 1.205959121082730957e-05 -7.943063207340048332e-04
1.000000000000000021e-03 2.000000000000000000e+01 1.229095437943253773e-05 -8.103988962383348914e-04
1.000000000000000021e-03 2.254750791950154465e+01 1.540285078787897608e-05 -1.029389791326375215e-03
1.000000000000000021e-03 2.541950566899923913e+01 1.926297794661657677e-05 -1.307346804080999512e-03
1.000000000000000021e-03 2.865732526907874345e+01 2.403300309789193652e-05 -1.660016113393466327e-03
1.000000000000000021e-03 3.230756342281423343e+01 2.990086009897110144e-05 -2.107266385055572930e-03
1.000000000000000021e-03 3.642275210678511144e+01 3.708059088841913088e-05 -2.674115551818233381e-03
1.000000000000000021e-03 4.106211457888893079e+01 4.580931536812932431e-05 -3.391978755888849263e-03
1.000000000000000021e-03 4.629241768294889425e+01 5.633961477297662974e-05 -4.300160809463982742e-03
1.000000000000000021e-03 5.218893271595816685e+01 6.892497891776019979e-05 -5.447599004394065858e-03
1.000000000000000021e-03 5.883651868616998826e+01 8.379526289560060000e-05 -6.894824019041163529e-03
1.000000000000000021e-03 6.633084355161594203e+01 1.011184626587196070e-04 -8.716031973950971040e-03
1.000000000000000021e-03 7.477976101436387069e+01 1.209448510004057498e-04 -1.100102237048554941e-02
1.000000000000000021e-03 8.430486268449013210e+01 1.431301755815428151e-04 -1.385651046869378240e-02
1.000000000000000021e-03 9.504322795155155745e+01 1.672371432761223420e-04 -1.740589911740648976e-02
1.000000000000000021e-03 1.071493967466299466e+02 1.924201788459461678e-04 -2.178589250963403404e-02
1.000000000000000021e-03 1.170802774828220265e+02 2.109482361913630447e-04 -2.564095342273836273e-02
1.000000000000000021e-03 1.207975935857226375e+02 2.173091514412966801e-04 -2.713722382128724506e-02
1.000000000000000021e-03 1.291920303258725937e+02 2.304148668568509694e-04 -3.060885538582707593e-02
1.000000000000000021e-03 1.361842349015404068e+02 2.399248087341662803e-04 -3.358513894390834087e-02
1.000000000000000021e-03 1.413037831689231325e+02 2.460424785840521896e-04 -3.580425895748878123e-02
1.000000000000000021e-03 1.534155360119736997e+02 2.575915858300833854e-04 -4.115184098272713781e-02
1.000000000000000021e-03 1.535307557476870954e+02 2.576815344426519735e-04 -4.120318765014088780e-02
1.000000000000000021e-03 1.655272888550242385e+02 2.649985174925893207e-04 -4.657089276438117903e-02
1.000000000000000021e-03 1.730867965554014916e+02 2.675561961920274790e-04 -4.995193571121075982e-02
1.000000000000000021e-03 1.776390416980748057e+02 2.683530224829093979e-04 -5.197663598653252948e-02
1.000000000000000021e-03 1.897507945411253445e+02 2.678733104116899654e-04 -5.728182613466959588e-02
1.000000000000000021e-03 1.951337958047033965e+02 2.665101314318698580e-04 -5.958440426851828453e-02
1.000000000000000021e-03 2.018625473841759117e+02 2.638798459420765461e-04 -6.239859886419123203e-02
1.000000000000000021e-03 2.139743002272264789e+02 2.567690993957343808e-04 -6.724049682913829651e-02
1.000000000000000021e-03 2.260860530702770177e+02 2.469882990725463107e-04 -7.172459984583555437e-02
1.000000000000000021e-03 2.381978059133275565e+02 2.350120459794331166e-04 -7.577367096313430972e-02
1.000000000000000021e-03 2.503095587563781237e+02 2.213214516021587354e-04 -7.931822577926203599e-02
1.000000000000000021e-03 2.624213115994286909e+02 2.063862560993050374e-04 -8.229843257546406998e-02
1.000000000000000021e-03 2.745330644424792581e+02 1.906501884550375445e-04 -8.466575654656413596e-02
1.000000000000000021e-03 2.866448172855298253e+02 1.745196502985585060e-04 -8.638427224513579861e-02
1.000000000000000021e-03 2.987565701285803357e+02 1.583556481341503780e-04 -8.743158362412778439e-02
1.000000000000000021e-03 3.108683229716309029e+02 1.424687693534703952e-04 -8.779930977978600559e-02
1.000000000000000021e-03 3.229800758146814701e+02 1.254873364499999944e-04 -8.744090685579881950e-02
1.000000000000000021e-03 3.350918286577319805e+02 1.091522085125835298e-04 -8.643121873244632991e-02
1.000000000000000021e-03 3.472035815007825477e+02 9.398859710068307451e-05 -8.480671321757347891e-02
1.000000000000000021e-03 3.593153343438331149e+02 8.001534865751889754e-05 -8.260967530764204425e-02
1.000000000000000021e-03 3.714270871868836821e+02 6.741297549349416641e-05 -7.989249284221870695e-02
1.000000000000000021e-03 3.835388400299342493e+02 5.581656971383241393e-05 -7.671581992550280393e-02
1.000000000000000021e-03 3.956505928729848165e+02 4.570726116487905123e-05 -7.314655873063356795e-02
1.000000000000000021e-03 4.077623457160353837e+02 3.731504196562606052e-05 -6.925574724308009023e-02
1.000000000000000021e-03 4.198740985590859509e+02 2.895170006054801162e-05 -6.511643973732011981e-02
1.000000000000000021e-03 4.319858514021364044e+02 2.085234765835639769e-05 -6.080166169614972110e-02
1.000000000000000021e-03 4.440976042451869716e+02 1.588535937666761655e-05 -5.638251203546505025e-02
1.000000000000000021e-03 4.562093570882375388e+02 1.076183990725360426e-05 -5.192647364505905555e-02
1.000000000000000021e-03 4.683211099312881061e+02 6.684309249280199862e-06 -4.749597928369479749e-02
1.000000000000000021e-03 4.761264617634762999e+02 4.286349681300410457e-06 -4.468085829001570281e-02
1.000000000000000021e-03 4.826015823578808863e+02 2.539590731511681324e-06 -4.238110964651482099e-02
1.000000000000000021e-03 4.890767029522854727e+02 1.132572428870116398e-06 -4.012121826057666457e-02
1.000000000000000021e-03 4.955518235466900592e+02 2.984500124980290814e-07 -3.790761027516895143e-02
1.000000000000000021e-03 5.020269441410946456e+02 5.463445765484112668e-08 -3.574607353414924193e-02
1.000000000000000021e-03 5.085020647354992320e+02 1.045030922315711504e-08 -3.364175296668945464e-02
1.000000000000000021e-03 5.149771853299038185e+02 1.816982613343567754e-09 -3.159915216396281396e-02
1.000000000000000021e-03 5.214523059243083480e+02 3.155399220374343917e-10 -2.962214074011553649e-02
1.000000000000000021e-03 5.279274265187129913e+02 8.857567731729178594e-11 -2.771396702275528284e-02
1.000000000000000021e-03 5.344025471131175209e+02 1.705513974608316512e-11 -2.587727558098754099e-02
1.000000000000000021e-03 5.408776677075221642e+02 3.689856933662235812e-12 -2.411412907136811778e-02
1.000000000000000021e-03 5.473527883019266937e+02 4.501925131413477627e-13 -2.242603386381012906e-02
1.000000000000000021e-03 5.538279088963313370e+02 4.987588960995485630e-14 -2.081396890012308584e-02
1.000000000000000021e-03 5.603030294907358666e+02 6.765175608792240559e-15 -1.927841723698421258e-02
1.000000000000000021e-03 5.667781500851403962e+02 2.102343751161159348e-15 -1.781939973213379769e-02
1.000000000000000021e-03 5.732532706795450395e+02 1.491348136003149651e-16 -1.643651034675317618e-02
1.000000000000000021e-03 5.797283912739496827e+02 1.031243280306000293e-17 -1.512895255755034897e-02
1.000000000000000021e-03 5.862035118683542123e+02 2.748186697858047204e-18 -1.389557639821611436e-02
1.000000000000000021e-03 5.926786324627587419e+02 5.137144691419965820e-19 -1.273491568077011853e-02
1.000000000000000021e-03 5.991537530571633852e+02 2.054579503125086028e-20 -1.164522498201360327e-02
1.000000000000000021e-03 6.056288736515680284e+02 1.162357443770393914e-21 -1.062451601797872146e-02
1.000000000000000021e-03 6.121039942459725580e+02 1.153823467120070715e-22 -9.670593069066616906e-03
1.000000000000000021e-03 6.185791148403770876e+02 3.660446785456238605e-24 -8.781087159685570243e-03
1.000000000000000021e-03 6.250542354347817309e+02 2.497632025729268469e-25 -7.953488737871095698e-03
1.000000000000000021e-03 6.315293560291862605e+02 3.235273031323196290e-26 -7.185178641887298920e-03
1.000000000000000021e-03 6.380044766235909037e+02 1.052833635213294907e-27 -6.473457181532301513e-03
1.000000000000000021e-03 6.444795972179954333e+02 8.545711787731830869e-29 -5.815571201233412160e-03
1.000000000000000021e-03 6.509547178124000766e+02 1.096141748569650727e-29 -5.208739029528101742e-03
1.000000000000000021e-03 6.574298384068046062e+02 3.514676025263807000e-31 -4.650173254774678418e-03
1.000000000000000021e-03 6.639049590012091357e+02 2.849404269371459221e-32 -4.137101299586377207e-03
1.000000000000000021e-03 6.703800795956137790e+02 2.230733684567142373e-33 -3.666783796281665887e-03
1.000000000000000021e-03 6.768552001900184223e+02 3.555450690426322901e-35 -3.236530792409314863e-03
1.000000000000000021e-03 6.833303207844229519e+02 2.053308314054621309e-36 -2.843715839030731309e-03
1.000000000000000021e-03 6.898054413788274815e+02 9.279089990060349384e-38 -2.485788034879234110e-03
1.000000000000000021e-03 6.962805619732321247e+02 6.347452849722683890e-39 -2.160282116782517164e-03
1.000000000000000021e-03 7.027556825676367680e+02 4.097890112093196912e-75 -1.864826700897666929e-03
1.000000000000000021e-03 7.092308031620412976e+02 -7.358570044963348408e-95 -1.597150790484145244e-03
1.000000000000000021e-03 7.157059237564458272e+02 1.560123327068660227e-110 -1.355088674280609164e-03
1.000000000000000021e-03 7.221810443508504704e+02 1.732862084281077680e-125 -1.136583345243276496e-03
1.000000000000000021e-03 7.286561649452550000e+02 0.000000000000000000e+00 -9.396885726555410890e-04
1.000000000000000021e-03 7.351312855396596433e+02 0.000000000000000000e+00 -7.625697616591855339e-04
1.000000000000000021e-03 7.416064061340641729e+02 0.000000000000000000e+00 -6.035037333267199034e-04
1.000000000000000021e-03 7.480815267284688161e+02 0.000000000000000000e+00 -4.608775557367441114e-04
1.000000000000000021e-03 7.545566473228733457e+02 0.000000000000000000e+00 -3.331865523766822275e-04
1.000000000000000021e-03 7.610317679172778753e+02 0.000000000000000000e+00 -2.190316088208197785e-04
1.000000000000000021e-03 7.675068885116825186e+02 0.000000000000000000e+00 -1.171158922503832706e-04
1.000000000000000021e-03 7.739820091060871619e+02 0.000000000000000000e+00 -2.624109121844113424e-05
1.000000000000000021e-03 7.804571297004916914e+02 0.000000000000000000e+00 0.000000000000000000e+00
1.000000000000000021e-03 7.805351832188135859e+02 0.000000000000000000e+00 0.000000000000000000e+00
5.000000000000000000e-01 1.980000000000000071e+01 1.332562069373942963e-05 -7.943063207340048332e-04
5.000000000000000000e-01 2.000000000000000000e+01 1.359558414254809318e-05 -8.103988962383348914e-04
5.000000000000000000e-01 2.257854156910839194e+01 1.731668569104529299e-05 -1.032217506675116346e-03
5.000000000000000000e-01 2.548952696939779017e+01 2.205252366134256167e-05 -1.314533658975628946e-03
5.000000000000000000e-01 2.877581721277286775e+01 2.807746394655204311e-05 -1.673709771376815075e-03
5.000000000000000000e-01 3.248579925618285813e+01 3.573856043201966890e-05 -2.130446267204236417e-03
5.000000000000000000e-01 3.667409844557175091e+01 4.547384536996007927e-05 -2.710875063211712517e-03
5.000000000000000000e-01 4.140238281314575630e+01 5.783457703995025537e-05 -3.447890871457454706e-03
5.000000000000000000e-01 4.674027107033752770e+01 7.351184146099762253e-05 -4.382745052883786283e-03
5.000000000000000000e-01 5.276635766565050290e+01 9.336755928820548599e-05 -5.566906716889089696e-03
5.000000000000000000e-01 5.956937000021654427e+01 1.184692046947586003e-04 -7.064152166977050000e-03
5.000000000000000000e-01 6.724947483977440754e+01 1.501260875108700703e-04 -8.952758051385149504e-03
5.000000000000000000e-01 7.591975315852775452e+01 1.899223578034977969e-04 -1.132751427272520560e-02
5.000000000000000000e-01 8.570786513031333698e+01 2.397371032581089711e-04 -1.430098824193134187e-02
5.000000000000000000e-01 9.675792978221579688e+01 3.017336796727210376e-04 -1.800298138806837034e-02
5.000000000000000000e-01 1.092326469864315470e+02 3.782868023269460680e-04 -2.257630427062296691e-02
5.000000000000000000e-01 1.201802654715232137e+02 4.504057129910919700e-04 -2.688688450469818234e-02
5.000000000000000000e-01 1.233156930343442781e+02 4.717945514371682698e-04 -2.816571245665953557e-02
5.000000000000000000e-01 1.326127067271980309e+02 5.368460696434161454e-04 -3.205627176614977980e-02
5.000000000000000000e-01 1.392144250649676565e+02 5.842915402198213710e-04 -3.489497940893483696e-02
5.000000000000000000e-01 1.450451479828728338e+02 6.268742776237656942e-04 -3.744356632727115219e-02
5.000000000000000000e-01 1.571629341674449165e+02 7.167412603925839201e-04 -4.282475635448958207e-02
5.000000000000000000e-01 1.574775892385476652e+02 7.190902092426596859e-04 -4.296545940766781368e-02
5.000000000000000000e-01 1.699100304942224682e+02 8.120030649612969189e-04 -4.853308143597258317e-02
5.000000000000000000e-01 1.774254921111349290e+02 8.678545493987820450e-04 -5.188193656229523471e-02
5.000000000000000000e-01 1.823424717498972996e+02 9.040585580850324073e-04 -5.405361098457220348e-02
5.000000000000000000e-01 1.947749130055721025e+02 9.936713490898082830e-04 -5.943220474158204814e-02
5.000000000000000000e-01 2.003004424525387037e+02 1.032300824898265031e-03 -6.175230469618780971e-02
5.000000000000000000e-01 2.072073542612469055e+02 1.079261695894318928e-03 -6.457418720654867217e-02
5.000000000000000000e-01 2.196397955169217369e+02 1.159294946786029300e-03 -6.938741801819939270e-02
5.000000000000000000e-01 2.320722367725965682e+02 1.232322238511473263e-03 -7.378473874405759581e-02
5.000000000000000000e-01 2.445046780282713712e+02 1.297020600036208294e-03 -7.768639078218798899e-02
5.000000000000000000e-01 2.569371192839461742e+02 1.352230607846235423e-03 -8.102229252042390806e-02
5.000000000000000000e-01 2.693695605396209771e+02 1.396989802142072339e-03 -8.373406736345392898e-02
5.000000000000000000e-01 2.818020017952958369e+02 1.430560248049511912e-03 -8.577672446891584923e-02
5.000000000000000000e-01 2.942344430509706399e+02 1.452448899802127836e-03 -8.711991034646118792e-02
5.000000000000000000e-01 3.066668843066454428e+02 1.462419783320824396e-03 -8.774867076273185074e-02
5.000000000000000000e-01 3.190993255623202458e+02 1.460036751546207922e-03 -8.762900810579835054e-02
5.000000000000000000e-01 3.315317668179950488e+02 1.445662928113501319e-03 -8.679340471295604598e-02
5.000000000000000000e-01 3.439642080736699086e+02 1.420314770812674534e-03 -8.529923005923771562e-02
5.000000000000000000e-01 3.563966493293447115e+02 1.384725207223073181e-03 -8.318881982701635536e-02
5.000000000000000000e-01 3.688290905850195145e+02 1.339806435170414270e-03 -8.051622200438637855e-02
5.000000000000000000e-01 3.812615318406943743e+02 1.286611139948568580e-03 -7.734517310890441644e-02
5.000000000000000000e-01 3.936939730963691773e+02 1.226294641153106687e-03 -7.374683782946736543e-02
5.000000000000000000e-01 4.061264143520439802e+02 1.160241757978726449e-03 -6.979741656688594198e-02
5.000000000000000000e-01 4.185588556077187832e+02 1.089761214270886912e-03 -6.557572562454916376e-02
5.000000000000000000e-01 4.309912968633935861e+02 1.016087780347713250e-03 -6.116084950232494183e-02
5.000000000000000000e-01 4.434237381190684459e+02 9.405014086932414127e-04 -5.662995455078575352e-02
5.000000000000000000e-01 4.558561793747432489e+02 8.642589881118451856e-04 -5.205633909326125297e-02
5.000000000000000000e-01 4.682886206304180519e+02 7.884822779669261325e-04 -4.750777815088430556e-02
5.000000000000000000e-01 4.807210618860928548e+02 7.141899289783008083e-04 -4.304520233350644237e-02
5.000000000000000000e-01 4.887330795841943996e+02 6.675152036516785641e-04 -4.024003779283993193e-02
5.000000000000000000e-01 4.953796449043854295e+02 6.297079919688027471e-04 -3.796582221431119009e-02
5.000000000000000000e-01 5.020262102245765163e+02 5.927788534517195286e-04 -3.574631538044686918e-02
5.000000000000000000e-01 5.086727755447675463e+02 5.568722245574065548e-04 -3.358709110915902851e-02
5.000000000000000000e-01 5.153193408649585763e+02 5.220647843679707828e-04 -3.149301126764912639e-02
5.000000000000000000e-01 5.219659061851496062e+02 4.884115229709106191e-04 -2.946823423823371341e-02
5.000000000000000000e-01 5.286124715053407499e+02 4.559967875606933262e-04 -2.751622960317809050e-02
5.000000000000000000e-01 5.352590368255317799e+02 4.248148696256571588e-04 -2.563979845646514183e-02
5.000000000000000000e-01 5.419056021457228098e+02 3.949408889502484103e-04 -2.384109871693752131e-02
5.000000000000000000e-01 5.485521674659138398e+02 3.663950727621775134e-04 -2.212167479555023769e-02
5.000000000000000000e-01 5.551987327861048698e+02 3.391918777843089695e-04 -2.048249095905872383e-02
5.000000000000000000e-01 5.618452981062960134e+02 3.132865069588041686e-04 -1.892396773269944613e-02
5.000000000000000000e-01 5.684918634264870434e+02 2.887884979652484635e-04 -1.744602069448828938e-02
5.000000000000000000e-01 5.751384287466780734e+02 2.656016246871781457e-04 -1.604810103273835928e-02
5.000000000000000000e-01 5.817849940668691033e+02 2.437318699382766765e-04 -1.472923726527109074e-02
5.000000000000000000e-01 5.884315593870601333e+02 2.231503554626558137e-04 -1.348807755247322104e-02
5.000000000000000000e-01 5.950781247072511633e+02 2.038273384937073053e-04 -1.232293207572040562e-02
5.000000000000000000e-01 6.017246900274421932e+02 1.856945715700285856e-04 -1.123181499661379465e-02
5.000000000000000000e-01 6.083712553476333369e+02 1.688297985304006361e-04 -1.021248555983406484e-02
5.000000000000000000e-01 6.150178206678243669e+02 1.530950610035228818e-04 -9.262487952126811225e-03
5.000000000000000000e-01 6.216643859880153968e+02 1.384661250562244485e-04 -8.379189580953832345e-03
5.000000000000000000e-01 6.283109513082064268e+02 1.248953889598925632e-04 -7.559817487716544160e-03
5.000000000000000000e-01 6.349575166283975705e+02 1.123355381969580566e-04 -6.801492661290550225e-03
5.000000000000000000e-01 6.416040819485886004e+02 1.007064281230219728e-04 -6.101262067118851801e-03
5.000000000000000000e-01 6.482506472687796304e+02 9.004542993326618966e-05 -5.456128254597934074e-03
5.000000000000000000e-01 6.548972125889706604e+02 8.017978821395514363e-05 -4.863076450369907197e-03
5.000000000000000000e-01 6.615437779091616903e+02 7.124182200696658140e-05 -4.319099086921399620e-03
5.000000000000000000e-01 6.681903432293527203e+02 6.299806455320061682e-05 -3.821217754205758627e-03
5.000000000000000000e-01 6.748369085495437503e+02 5.547031823187862260e-05 -3.366502596575004190e-03
5.000000000000000000e-01 6.814834738697348939e+02 4.862330097985139202e-05 -2.952089207947914719e-03
5.000000000000000000e-01 6.881300391899259239e+02 4.233553425694137418e-05 -2.575193104764725901e-03
5.000000000000000000e-01 6.947766045101169539e+02 3.673476394477613615e-05 -2.233121878875554602e-03
5.000000000000000000e-01 7.014231698303079838e+02 3.161734937366116505e-05 -1.923285151149018053e-03
5.000000000000000000e-01 7.080697351504991275e+02 2.690913038859249034e-05 -1.643202461397315177e-03
5.000000000000000000e-01 7.147163004706901575e+02 2.274240125070886093e-05 -1.390509241382010793e-03
5.000000000000000000e-01 7.213628657908811874e+02 1.905605732810914673e-05 -1.162961025420749606e-03
5.000000000000000000e-01 7.280094311110722174e+02 1.570176817477818962e-05 -9.584360577245086684e-04
5.000000000000000000e-01 7.346559964312632474e+02 1.266852308423468425e-05 -7.749364573505504927e-04
5.000000000000000000e-01 7.413025617514542773e+02 9.771652414802863080e-06 -6.105881008658461820e-04
5.000000000000000000e-01 7.479491270716453073e+02 7.169953251765365311e-06 -4.636393797981383166e-04
5.000000000000000000e-01 7.545956923918363373e+02 4.851710983332657994e-06 -3.324589850259157542e-04
5.000000000000000000e-01 7.612422577120274809e+02 2.924216756364686754e-06 -2.155328637394283650e-04
5.000000000000000000e-01 7.678888230322185109e+02 1.342323504229355740e-06 -1.114604867967332471e-04
5.000000000000000000e-01 7.745353883524095409e+02 1.856779920722903718e-07 -1.895055549054203966e-05
5.000000000000000000e-01 7.811819536726006845e+02 0.000000000000000000e+00 0.000000000000000000e+00
5.000000000000000000e-01 7.878285189927917145e+02 0.000000000000000000e+00 0.000000000000000000e+00
5.000000000000000000e-01 7.944750843129827444e+02 0.000000000000000000e+00 0.000000000000000000e+00
5.000000000000000000e-01 8.011216496331737744e+02 0.000000000000000000e+00 0.000000000000000000e+00
5.000000000000000000e-01 8.012017698101548149e+02 0.000000000000000000e+00 0.000000000000000000e+00
9.989999999999999991e-01 1.980000000000000071e+01 1.459525520832828962e-05 -7.943063207340048332e-04
9.989999999999999991e-01 2.000000000000000000e+01 1.490396638153288777e-05 -8.103988962383348914e-04
9.989999999999999991e-01 2.258076531532535824e+01 1.920080440972050766e-05 -1.032420277021055873e-03
9.989999999999999991e-01 2.549454811129002962e+01 2.476360180570422493e-05 -1.315049768385595161e-03
9.989999999999999991e-01 2.878432038606557342e+01 3.197528653427501714e-05 -1.674694583591480705e-03
9.989999999999999991e-01 3.249859916994410014e+01 4.133764181287074739e-05 -2.132115711549290374e-03
9.989999999999999991e-01 3.669216204666675196e+01 5.350862800580651372e-05 -2.713526316992738007e-03
9.989999999999999991e-01 4.142685500438349777e+01 6.935100360775486286e-05 -3.451929185736492007e-03
9.989999999999999991e-01 4.677250453029974864e+01 8.999504497211741473e-05 -4.388718052977532737e-03
9.989999999999999991e-01 5.280794740043452862e+01 1.169182244752326128e-04 -5.575547416205287390e-03
9.989999999999999991e-01 5.962219335166288658e+01 1.520440525421059164e-04 -7.076431418476273813e-03
9.989999999999999991e-01 6.731573778294256272e+01 1.978601217572429120e-04 -8.969945800174593253e-03
9.989999999999999991e-01 7.600204384523028978e+01 2.575502774715038887e-04 -1.135124600095506996e-02
9.989999999999999991e-01 8.580921577771064790e+01 3.351253320459465388e-04 -1.433332707966077091e-02
9.989999999999999991e-01 9.688188816842989581e+01 4.355169131722927151e-04 -1.804645527804718888e-02
9.989999999999999991e-01 1.093833590018455197e+02 5.645641454690510140e-04 -2.263387787010063754e-02
9.989999999999999991e-01 1.204053580111331314e+02 6.912198096190090655e-04 -2.697808038729775093e-02
9.989999999999999991e-01 1.234979979511327315e+02 7.287657896000517173e-04 -2.824062044514333986e-02
9.989999999999999991e-01 1.328610847019400012e+02 8.473370973654234311e-04 -3.216203384865082976e-02
9.989999999999999991e-01 1.394339654323529771e+02 9.345856379605982324e-04 -3.499029697780708936e-02
9.989999999999999991e-01 1.453168113927468994e+02 1.015137652477518136e-03 -3.756310225897830507e-02
9.989999999999999991e-01 1.574262825206575371e+02 1.186991366755783817e-03 -4.294251473484216736e-02
9.989999999999999991e-01 1.577725380835537692e+02 1.192004692595816182e-03 -4.309737732552453016e-02
9.989999999999999991e-01 1.702282647743606390e+02 1.374935053987017637e-03 -4.867538006744435986e-02
9.989999999999999991e-01 1.777402970031536995e+02 1.486813534158926316e-03 -5.202152716996456122e-02
9.989999999999999991e-01 1.826839914651675087e+02 1.560620713569278294e-03 -5.420369274464077042e-02
9.989999999999999991e-01 1.951397181559743785e+02 1.745544235858682326e-03 -5.958691422577995500e-02
9.989999999999999991e-01 2.006755966852219046e+02 1.826541725213283191e-03 -6.190792616911387769e-02
9.989999999999999991e-01 2.075954448467812767e+02 1.926084452194344902e-03 -6.472987611247306428e-02
9.989999999999999991e-01 2.200511715375881465e+02 2.098628108083377269e-03 -6.954003595094239432e-02
9.989999999999999991e-01 2.325068982283950163e+02 2.259682855847421415e-03 -7.392994769302493885e-02
9.989999999999999991e-01 2.449626249192019145e+02 2.405986849129647821e-03 -7.781969942612938784e-02
9.989999999999999991e-01 2.574183516100088127e+02 2.534610324024138325e-03 -8.113920505329609567e-02
9.989999999999999991e-01 2.698740783008156541e+02 2.643044923541632701e-03 -8.383024035485488190e-02
9.989999999999999991e-01 2.823298049916224954e+02 2.729277117480069081e-03 -8.584812447761117071e-02
9.989999999999999991e-01 2.947855316824294505e+02 2.791842853508428972e-03 -8.716296466326092784e-02
9.989999999999999991e-01 3.072412583732362918e+02 2.829861500959378502e-03 -8.776040380393505813e-02
9.989999999999999991e-01 3.196969850640431332e+02 2.843048160452822399e-03 -8.760439344859463628e-02
9.989999999999999991e-01 3.321527117548500314e+02 2.831704450370085835e-03 -8.673410251283580896e-02
9.989999999999999991e-01 3.446084384456569296e+02 2.796688884070244827e-03 -8.520459100705647659e-02
9.989999999999999991e-01 3.570641651364637710e+02 2.739368862803432704e-03 -8.305907567124636015e-02
9.989999999999999991e-01 3.695198918272706692e+02 2.661557078646512205e-03 -8.035247515586935174e-02
9.989999999999999991e-01 3.819756185180775674e+02 2.565435711265286276e-03 -7.714935214269046104e-02
9.989999999999999991e-01 3.944313452088844087e+02 2.453472185605412061e-03 -7.352162178642164536e-02
9.989999999999999991e-01 4.068870718996912501e+02 2.328330423635682940e-03 -6.954613249664852448e-02
9.989999999999999991e-01 4.193427985904982052e+02 2.192781475349184044e-03 -6.530222502854435285e-02
9.989999999999999991e-01 4.317985252813050465e+02 2.049617168016433337e-03 -6.086937016658479360e-02
9.989999999999999991e-01 4.442542519721118879e+02 1.901569995137090659e-03 -5.632497466979341505e-02
9.989999999999999991e-01 4.567099786629188429e+02 1.751241876132265647e-03 -5.174243057581413147e-02
9.989999999999999991e-01 4.691657053537256843e+02 1.601041871031807975e-03 -4.718946559481866643e-02
9.989999999999999991e-01 4.816214320445325257e+02 1.453100441041904741e-03 -4.272683341134917573e-02
9.989999999999999991e-01 4.896484559119414257e+02 1.359605044976386389e-03 -3.992380477115701348e-02
9.989999999999999991e-01 4.963074699670535779e+02 1.283115670172687130e-03 -3.765257068980315536e-02
9.989999999999999991e-01 5.029664840221657869e+02 1.208078199086235361e-03 -3.543707430234858263e-02
9.989999999999999991e-01 5.096254980772779390e+02 1.134968725457936216e-03 -3.328281992577959009e-02
9.989999999999999991e-01 5.162845121323900912e+02 1.063876071192020436e-03 -3.119459538662461284e-02
9.989999999999999991e-01 5.229435261875022434e+02 9.951311975900500179e-04 -2.917648149474477703e-02
9.989999999999999991e-01 5.296025402426145092e+02 9.295648283850541484e-04 -2.723186772302185754e-02
9.989999999999999991e-01 5.362615542977266614e+02 8.662004746024157655e-04 -2.536347348743092298e-02
9.989999999999999991e-01 5.429205683528388136e+02 8.046832437224963339e-04 -2.357337438975408428e-02
9.989999999999999991e-01 5.495795824079509657e+02 7.460671624857270192e-04 -2.186303276488085062e-02
9.989999999999999991e-01 5.562385964630631179e+02 6.899654924139548380e-04 -2.023333186572793402e-02
9.989999999999999991e-01 5.628976105181752700e+02 6.367105409116249198e-04 -1.868461302060682103e-02
9.989999999999999991e-01 5.695566245732875359e+02 5.878085893806768523e-04 -1.721671510952975381e-02
9.989999999999999991e-01 5.762156386283996881e+02 5.403926730403779861e-04 -1.582901572651678260e-02
9.989999999999999991e-01 5.828746526835118402e+02 4.966821411323556115e-04 -1.452047342339454934e-02
9.989999999999999991e-01 5.895336667386239924e+02 4.542840162871986977e-04 -1.328967046575566142e-02
9.989999999999999991e-01 5.961926807937361446e+02 4.139866696404990065e-04 -1.213485557252583572e-02
9.989999999999999991e-01 6.028516948488484104e+02 3.765556300106255258e-04 -1.105398615581310202e-02
9.989999999999999991e-01 6.095107089039605626e+02 3.425536001576707915e-04 -1.004476962625155782e-02
9.989999999999999991e-01 6.161697229590727147e+02 3.094218480307662600e-04 -9.104703379800131030e-03
9.989999999999999991e-01 6.228287370141848669e+02 2.823278945721111261e-04 -8.231113133873379367e-03
9.989999999999999991e-01 6.294877510692970191e+02 2.535508693057844307e-04 -7.421189332793007472e-03
9.989999999999999991e-01 6.361467651244092849e+02 2.274804623570346408e-04 -6.672021393972609946e-03
9.989999999999999991e-01 6.428057791795214371e+02 2.045840793870962399e-04 -5.980629616193586934e-03
9.989999999999999991e-01 6.494647932346335892e+02 1.817084104857160450e-04 -5.343994619108460159e-03
9.989999999999999991e-01 6.561238072897457414e+02 1.614629074659016783e-04 -4.759084228141207545e-03
9.989999999999999991e-01 6.627828213448578936e+02 1.438258978183413323e-04 -4.222877760764989948e-03
9.989999999999999991e-01 6.694418353999700457e+02 1.266025510066737920e-04 -3.732387708362458305e-03
9.989999999999999991e-01 6.761008494550821979e+02 1.131286683109627549e-04 -3.284678842246330482e-03
9.989999999999999991e-01 6.827598635101944637e+02 9.824155041598509844e-05 -2.876884802772486198e-03
9.989999999999999991e-01 6.894188775653066159e+02 8.561149542333406151e-05 -2.506222256738971886e-03
9.989999999999999991e-01 6.960778916204187681e+02 7.414285951843447653e-05 -2.170002730438833852e-03
9.989999999999999991e-01 7.027369056755309202e+02 6.298603818101680262e-05 -1.865642243903492493e-03
9.989999999999999991e-01 7.093959197306430724e+02 5.319605851913471173e-05 -1.590668886181158129e-03
9.989999999999999991e-01 7.160549337857553382e+02 4.583027979959612388e-05 -1.342728482140122595e-03
9.989999999999999991e-01 7.227139478408674904e+02 3.788857449490818882e-05 -1.119588508512536036e-03
9.989999999999999991e-01 7.293729618959796426e+02 3.155482677120278611e-05 -9.191404209769245834e-04
9.989999999999999991e-01 7.360319759510917947e+02 2.476554042878443383e-05 -7.394005553189126820e-04
9.989999999999999991e-01 7.426909900062039469e+02 2.006199571823739144e-05 -5.785097644263969109e-04
9.989999999999999991e-01 7.493500040613162128e+02 1.474227135575731928e-05 -4.347319493925967063e-04
9.989999999999999991e-01 7.560090181164282512e+02 1.122615080718978212e-05 -3.064516376431839243e-04
9.989999999999999991e-01 7.626680321715405171e+02 7.031127170739650762e-06 -1.921707540907717038e-04
9.989999999999999991e-01 7.693270462266526692e+02 3.321868702254963359e-06 -9.050472315884110425e-05
9.989999999999999991e-01 7.759860602817648214e+02 1.964608976627181521e-22 -1.780303980914092028e-07
9.989999999999999991e-01 7.826450743368770873e+02 0.000000000000000000e+00 0.000000000000000000e+00
9.989999999999999991e-01 7.893040883919891257e+02 0.000000000000000000e+00 0.000000000000000000e+00
9.989999999999999991e-01 7.959631024471013916e+02 0.000000000000000000e+00 0.000000000000000000e+00
9.989999999999999991e-01 8.026221165022135438e+02 0.000000000000000000e+00 0.000000000000000000e+00
9.989999999999999991e-01 8.027023867408876185e+02 0.000000000000000000e+00 0.000000000000000000e+00
