# mx [GeV]: 0.001
# sigma_p [cm^2]: 1e-30
# depth [m]: 1700.0
# loc: MOD
# Columns: gamma/pi, v [km/s], f(v, gamma) [s/km], f[with reflection](v, gamma) [s/km]
1.000000000000000021e-03 1.980000000000000071e+01 2.505781010170024440e-07 2.710234738751440370e-05
1.000000000000000021e-03 2.000000000000000000e+01 2.552261534437184851e-07 2.765143853823710644e-05
1.000000000000000021e-03 2.188886178246078984e+01 3.007584036711994738e-07 3.310679985339118667e-05
1.000000000000000021e-03 2.395611350658362682e+01 3.538103995075418587e-07 3.963504744841709189e-05
1.000000000000000021e-03 2.621860286952755104e+01 4.154320286856635420e-07 4.744568809755247209e-05
1.000000000000000021e-03 2.869476871701591492e+01 4.867563459861275912e-07 5.678847927817884313e-05
1.000000000000000021e-03 3.140479131632205423e+01 5.689827026564428161e-07 6.796086617628532584e-05
1.000000000000000021e-03 3.437075682149990996e+01 6.633486779718804546e-07 8.131665671776204486e-05
1.000000000000000021e-03 3.761683727121911858e+01 7.710872902106483799e-07 9.727607486342494311e-05
1.000000000000000021e-03 4.116948758615173887e+01 8.933653563771525375e-07 1.163373124517403105e-04
1.000000000000000021e-03 4.505766117140052529e+01 1.031198367976291526e-06 1.390896538610390798e-04
1.000000000000000021e-03 4.931304588108682196e+01 1.185337010952981210e-06 1.662281601431096919e-04
1.000000000000000021e-03 5.397032226816283185e+01 1.356120722429262343e-06 1.985697465542823447e-04
1.000000000000000021e-03 5.906744622413408763e+01 1.543294794611441609e-06 2.370702343922141935e-04
1.000000000000000021e-03 6.464595831215032717e+01 1.745789986155759161e-06 2.828415526018717980e-04
1.000000000000000021e-03 6.665791537919210441e+01 1.817701603007136010e-06 3.002622614315572083e-04
1.000000000000000021e-03 7.075132231446899311e+01 1.961467996902011457e-06 3.371676305314333594e-04
1.000000000000000021e-03 7.355356179772921621e+01 2.057541643430500860e-06 3.635429550996962275e-04
1.000000000000000021e-03 7.743329575338727011e+01 2.186843219759871288e-06 4.015165511364048338e-04
1.000000000000000021e-03 8.044920821626632801e+01 2.284005712415362549e-06 4.321781739894965516e-04
1.000000000000000021e-03 8.474633540531507947e+01 2.416801620954457308e-06 4.775450710673631040e-04
1.000000000000000021e-03 8.734485463480345402e+01 2.493626120919850282e-06 5.059115901171465021e-04
1.000000000000000021e-03 9.275004111285024067e+01 2.644351912422633110e-06 5.670894555338291954e-04
1.000000000000000021e-03 9.424050105334056582e+01 2.683649702804008442e-06 5.844599726919058168e-04
1.000000000000000021e-03 1.011361474718776776e+02 2.851994245546853103e-06 6.675128850244779538e-04
1.000000000000000021e-03 1.015096415118367332e+02 2.860462237324882552e-06 6.721334645709881213e-04
1.000000000000000021e-03 1.080317938904147894e+02 2.997199753849237061e-06 7.547326063732467906e-04
1.000000000000000021e-03 1.110965256319868502e+02 3.054055989155367046e-06 7.947399785093697041e-04
1.000000000000000021e-03 1.149274403089519012e+02 3.118375817887371537e-06 8.457543162104765250e-04
1.000000000000000021e-03 1.218230867274890272e+02 3.215146304510440875e-06 9.401865742643165198e-04
1.000000000000000021e-03 1.287187331460261248e+02 3.287592518200171933e-06 1.037612124624269928e-03
1.000000000000000021e-03 1.356143795645632508e+02 3.336195892261143067e-06 1.137589046293632387e-03
1.000000000000000021e-03 1.425100259831003768e+02 3.361781172661059281e-06 1.239652265958147807e-03
1.000000000000000021e-03 1.494056724016374744e+02 3.365460950326214219e-06 1.343315441559037038e-03
1.000000000000000021e-03 1.563013188201745720e+02 3.348582285546357442e-06 1.448073217667619197e-03
1.000000000000000021e-03 1.631969652387116980e+02 3.312676053311624603e-06 1.553403845825634868e-03
1.000000000000000021e-03 1.700926116572488240e+02 3.259409523526494086e-06 1.658772155114097546e-03
1.000000000000000021e-03 1.769882580757859500e+02 3.190542577492330236e-06 1.763632850420891697e-03
1.000000000000000021e-03 1.838839044943230476e+02 3.107887853897999144e-06 1.867434108368472463e-03
1.000000000000000021e-03 1.907795509128601452e+02 3.013275015570612337e-06 1.969621433807714535e-03
1.000000000000000021e-03 1.976751973313972712e+02 2.908519233855965728e-06 2.069641733342301917e-03
1.000000000000000021e-03 2.045708437499343972e+02 2.795393901837330776e-06 2.166947556666915051e-03
1.000000000000000021e-03 2.114664901684714948e+02 2.675607511463080627e-06 2.261001451712326728e-03
1.000000000000000021e-03 2.183621365870086208e+02 2.550784563538628897e-06 2.351280375801774111e-03
1.000000000000000021e-03 2.252577830055457468e+02 2.422450323667757150e-06 2.437280102323982622e-03
1.000000000000000021e-03 2.321534294240828444e+02 2.292019191570284502e-06 2.518519560883346591e-03
1.000000000000000021e-03 2.390490758426199704e+02 2.160786415501621891e-06 2.594545048534901976e-03
1.000000000000000021e-03 2.459447222611570680e+02 2.029922857306923284e-06 2.664934250563166882e-03
1.000000000000000021e-03 2.528403686796941940e+02 1.900472496352189548e-06 2.729300011304611803e-03
1.000000000000000021e-03 2.597360150982312916e+02 1.773352351454415057e-06 2.787293798702347898e-03
1.000000000000000021e-03 2.666316615167684176e+02 1.649354498158294516e-06 2.838608810552666929e-03
1.000000000000000021e-03 2.710755225420479064e+02 1.571417452890943023e-06 2.868015094829594065e-03
1.000000000000000021e-03 2.747620361883382429e+02 1.508070863718356239e-06 2.890178216835338071e-03
1.000000000000000021e-03 2.784485498346286363e+02 1.445993951457814934e-06 2.910285406158492124e-03
1.000000000000000021e-03 2.821350634809189728e+02 1.385255572964152070e-06 2.928310690751290309e-03
1.000000000000000021e-03 2.858215771272093093e+02 1.325916059640347592e-06 2.944232140857070551e-03
1.000000000000000021e-03 2.895080907734997027e+02 1.268027554669384490e-06 2.958031913653064084e-03
1.000000000000000021e-03 2.931946044197900392e+02 1.211634363923652585e-06 2.969696285549377514e-03
1.000000000000000021e-03 2.968811180660803757e+02 1.156773317687017164e-06 2.979215672020443968e-03
1.000000000000000021e-03 3.005676317123707690e+02 1.103474140488704027e-06 2.986584634901310372e-03
1.000000000000000021e-03 3.042541453586611055e+02 1.051759826515032024e-06 2.991801877137205846e-03
1.000000000000000021e-03 3.079406590049514989e+02 1.001647018233787613e-06 2.994870225030846125e-03
1.000000000000000021e-03 3.116271726512418354e+02 9.531463860352616122e-07 2.995796598087211923e-03
1.000000000000000021e-03 3.153136862975321719e+02 8.571663595733563565e-07 2.994024834723752870e-03
1.000000000000000021e-03 3.190001999438225084e+02 7.635727348762250566e-07 2.990103733698370320e-03
1.000000000000000021e-03 3.226867135901129018e+02 6.861277972360511611e-07 2.984116156203300060e-03
1.000000000000000021e-03 3.263732272364032383e+02 6.013478264557471592e-07 2.976083369030888340e-03
1.000000000000000021e-03 3.300597408826936316e+02 5.231673019582308987e-07 2.966030443616877316e-03
1.000000000000000021e-03 3.337462545289839682e+02 4.516977893896775882e-07 2.953986158143869119e-03
1.000000000000000021e-03 3.374327681752743047e+02 3.991586221684170032e-07 2.939982889052950455e-03
1.000000000000000021e-03 3.411192818215646412e+02 3.625346208972007845e-07 2.924056492477376552e-03
1.000000000000000021e-03 3.448057954678550345e+02 3.163148110389712313e-07 2.906246176149297755e-03
1.000000000000000021e-03 3.484923091141453710e+02 2.573114444949212614e-07 2.886594362364753794e-03
1.000000000000000021e-03 3.521788227604357644e+02 2.141875516028031972e-07 2.865146542622822815e-03
1.000000000000000021e-03 3.558653364067261009e+02 1.898819894097027086e-07 2.841951124582361467e-03
1.000000000000000021e-03 3.595518500530164374e+02 1.592268187313679532e-07 2.817059272003694537e-03
1.000000000000000021e-03 3.632383636993067739e+02 1.262980099783485080e-07 2.790524738363074631e-03
1.000000000000000021e-03 3.669248773455971673e+02 1.084862762232058786e-07 2.762403694844416894e-03
1.000000000000000021e-03 3.706113909918875038e+02 8.723016213165589231e-08 2.732754553426144754e-03
1.000000000000000021e-03 3.742979046381778971e+02 7.264077590855636433e-08 2.701637785790210466e-03
1.000000000000000021e-03 3.779844182844682337e+02 6.099472374672489585e-08 2.669115738786428417e-03
1.000000000000000021e-03 3.816709319307585702e+02 4.820591116924741650e-08 2.635252447187258398e-03
1.000000000000000021e-03 3.853574455770489635e+02 3.763898573441232233e-08 2.600113444466924887e-03
1.000000000000000021e-03 3.890439592233393000e+02 2.480920304944184504e-08 2.563765572333777994e-03
1.000000000000000021e-03 3.927304728696296365e+02 2.503705896273124192e-08 2.526276789736625096e-03
1.000000000000000021e-03 3.964169865159200299e+02 1.605081781347477954e-08 2.487715982054041104e-03
1.000000000000000021e-03 4.001035001622103664e+02 1.192151234262799933e-08 2.448152771161004292e-03
1.000000000000000021e-03 4.037900138085007029e+02 6.385060573677947471e-09 2.407657327049352557e-03
1.000000000000000021e-03 4.074765274547910394e+02 6.926839972338948834e-09 2.366300181657884482e-03
1.000000000000000021e-03 4.111630411010814328e+02 3.593046234170279524e-09 2.324152045544607050e-03
1.000000000000000021e-03 4.148495547473718261e+02 1.847336272103965820e-09 2.281283628007666538e-03
1.000000000000000021e-03 4.185360683936621626e+02 1.746138255365994450e-09 2.237765461233391824e-03
1.000000000000000021e-03 4.222225820399524991e+02 1.147672792046242019e-09 2.193667729019453151e-03
1.000000000000000021e-03 4.259090956862428357e+02 4.991691067979904761e-10 2.149060100589007555e-03
1.000000000000000021e-03 4.295956093325332290e+02 4.121563042598243457e-10 2.104011569977698101e-03
1.000000000000000021e-03 4.332821229788235655e+02 1.348565290462650838e-10 2.058590301440114956e-03
1.000000000000000021e-03 4.369686366251139589e+02 1.273251791463853294e-10 2.012863481285521138e-03
1.000000000000000021e-03 4.406551502714042954e+02 2.899257459770107580e-11 1.966897176515295005e-03
1.000000000000000021e-03 4.443416639176946319e+02 0.000000000000000000e+00 1.920756200595824699e-03
1.000000000000000021e-03 4.443861025279474006e+02 0.000000000000000000e+00 0.000000000000000000e+00
5.000000000000000000e-01 1.980000000000000071e+01 2.932642087916949993e-07 2.710234738751440370e-05
5.000000000000000000e-01 2.000000000000000000e+01 2.991863496921401732e-07 2.765143853823710644e-05
5.000000000000000000e-01 2.249345670247672757e+01 3.778939003835845513e-07 3.495584533870169385e-05
5.000000000000000000e-01 2.529777972130974106e+01 4.771253899769560893e-07 4.418297375949271536e-05
5.000000000000000000e-01 2.845172564150371741e+01 6.021238506875588092e-07 5.583480702974486496e-05
5.000000000000000000e-01 3.199888294139551803e+01 7.594063961161509791e-07 7.054185966340730126e-05
5.000000000000000000e-01 3.598827439849505083e+01 9.570342654619982397e-07 8.909451718951813862e-05
5.000000000000000000e-01 4.047503459897000511e+01 1.204915345337106163e-06 1.124810106463962361e-04
5.000000000000000000e-01 4.552117191415893416e+01 1.515125761478684647e-06 1.419327426667569994e-04
5.000000000000000000e-01 5.119642547485666739e+01 1.902221792985817851e-06 1.789772107706988043e-04
5.000000000000000000e-01 5.757922898701324499e+01 2.383488281317898111e-06 2.254977505358083203e-04
5.000000000000000000e-01 6.475779470906871893e+01 2.979030241227682127e-06 2.837973241493454068e-04
5.000000000000000000e-01 7.283133257181567899e+01 3.711554663308856733e-06 3.566599031672156050e-04
5.000000000000000000e-01 8.191142128939092970e+01 4.605603195794777205e-06 4.473964887226044023e-04
5.000000000000000000e-01 9.212355041056220273e+01 5.685879141553675465e-06 5.598516727838400223e-04
5.000000000000000000e-01 1.036088546219205853e+02 6.974167472061394459e-06 6.983282054142359811e-04
5.000000000000000000e-01 1.118611167074238892e+02 7.933643950899192519e-06 8.048342298735111080e-04
5.000000000000000000e-01 1.165260642715688562e+02 8.484197868351635893e-06 8.673577934484935636e-04
5.000000000000000000e-01 1.234329563668125616e+02 9.305451414424122350e-06 9.626797443846426064e-04
5.000000000000000000e-01 1.310536990701276352e+02 1.021371438834356951e-05 1.071202838525377654e-03
5.000000000000000000e-01 1.350047960262012339e+02 1.068300089663315788e-05 1.128659947799915981e-03
5.000000000000000000e-01 1.465766356855899062e+02 1.203903025674443938e-05 1.300624596565166415e-03
5.000000000000000000e-01 1.473925352866664298e+02 1.213313688396428602e-05 1.312915718878214120e-03
5.000000000000000000e-01 1.581484753449786069e+02 1.334733257262743805e-05 1.476254224527927044e-03
5.000000000000000000e-01 1.657683805369452728e+02 1.417080159192533889e-05 1.592720715106425190e-03
5.000000000000000000e-01 1.697203150043672792e+02 1.458334558617060744e-05 1.653091344950741778e-03
5.000000000000000000e-01 1.812921546637559516e+02 1.572468357531980640e-05 1.828579551319132373e-03
5.000000000000000000e-01 1.864351945123731582e+02 1.619628432788912609e-05 1.905459560881691324e-03
5.000000000000000000e-01 1.928639943231446523e+02 1.675159749333469825e-05 2.000109698434829851e-03
5.000000000000000000e-01 2.044358339825333246e+02 1.764735166468238902e-05 2.165071885978317803e-03
5.000000000000000000e-01 2.160076736419219969e+02 1.839850818162457079e-05 2.320911564845216761e-03
5.000000000000000000e-01 2.275795133013106692e+02 1.899511330091789997e-05 2.465187767818257519e-03
5.000000000000000000e-01 2.391513529606993416e+02 1.943078347392281533e-05 2.595631251122712188e-03
5.000000000000000000e-01 2.507231926200880139e+02 1.970269202206448157e-05 2.710200236264033360e-03
5.000000000000000000e-01 2.622950322794766862e+02 1.981146075448747139e-05 2.807131469039599730e-03
5.000000000000000000e-01 2.738668719388654154e+02 1.976096387997163756e-05 2.884984463767921361e-03
5.000000000000000000e-01 2.854387115982540308e+02 1.955805426490302447e-05 2.942677066968069858e-03
5.000000000000000000e-01 2.970105512576427600e+02 1.921222432465560030e-05 2.979510840335706286e-03
5.000000000000000000e-01 3.085823909170313755e+02 1.873521552173006667e-05 2.995185206401461062e-03
5.000000000000000000e-01 3.201542305764201046e+02 1.814056917213042612e-05 2.988450645112015157e-03
5.000000000000000000e-01 3.317260702358087769e+02 1.744215797695268641e-05 2.960831112347542000e-03
5.000000000000000000e-01 3.432979098951974493e+02 1.665343171861994061e-05 2.913756131986533666e-03
5.000000000000000000e-01 3.548697495545861216e+02 1.579041718325659488e-05 2.848384713905660094e-03
5.000000000000000000e-01 3.664415892139747939e+02 1.486969873077382851e-05 2.766178566940367695e-03
5.000000000000000000e-01 3.780134288733634662e+02 1.390913795430120638e-05 2.668854406402483299e-03
5.000000000000000000e-01 3.895852685327521385e+02 1.292230760845778192e-05 2.558330729557923774e-03
5.000000000000000000e-01 4.011571081921408108e+02 1.192677921512524185e-05 2.436671209580435100e-03
5.000000000000000000e-01 4.127289478515294832e+02 1.093492739966867585e-05 2.306026884979915821e-03
5.000000000000000000e-01 4.243007875109182123e+02 9.960838712153577472e-06 2.168579246122458257e-03
5.000000000000000000e-01 4.358726271703068846e+02 9.013243340323644977e-06 2.026486153058676930e-03
5.000000000000000000e-01 4.474444668296955570e+02 8.102921940037346877e-06 1.881832273905117937e-03
5.000000000000000000e-01 4.549018746101904753e+02 7.538439131737572859e-06 1.788179119988915489e-03
5.000000000000000000e-01 4.610883497029882960e+02 7.085918436022402919e-06 1.710656903277641555e-03
5.000000000000000000e-01 4.672748247957861167e+02 6.646562050132824301e-06 1.633574489264607178e-03
5.000000000000000000e-01 4.734612998885838806e+02 6.223302362775355411e-06 1.557183071733493455e-03
5.000000000000000000e-01 4.796477749813817013e+02 5.815358584733904869e-06 1.481717546409131283e-03
5.000000000000000000e-01 4.858342500741795220e+02 5.423526971963255546e-06 1.407395755442978876e-03
5.000000000000000000e-01 4.920207251669773427e+02 5.047481544377107036e-06 1.334417916393461833e-03
5.000000000000000000e-01 4.982072002597751634e+02 4.688284177905821436e-06 1.262966231286984488e-03
5.000000000000000000e-01 5.043936753525729841e+02 4.345882517096527213e-06 1.193204669504891640e-03
5.000000000000000000e-01 5.105801504453708048e+02 4.019552264278109793e-06 1.125278916588932747e-03
5.000000000000000000e-01 5.167666255381685687e+02 3.710165571316225997e-06 1.059316479606138691e-03
5.000000000000000000e-01 5.229531006309664463e+02 3.415100324823451588e-06 9.954269384726988513e-04
5.000000000000000000e-01 5.291395757237642101e+02 3.139316916765365960e-06 9.337023316108065355e-04
5.000000000000000000e-01 5.353260508165619740e+02 2.878206898484164946e-06 8.742176635040155601e-04
5.000000000000000000e-01 5.415125259093598515e+02 2.631553058793694970e-06 8.170315211231888360e-04
5.000000000000000000e-01 5.476990010021576154e+02 2.400928616306083616e-06 7.621867858113149817e-04
5.000000000000000000e-01 5.538854760949554930e+02 2.184080488047548966e-06 7.097114270326260795e-04
5.000000000000000000e-01 5.600719511877532568e+02 1.982191295247659863e-06 6.596193643986317809e-04
5.000000000000000000e-01 5.662584262805511344e+02 1.794169256376401727e-06 6.119113845672237992e-04
5.000000000000000000e-01 5.724449013733488982e+02 1.619361761274897554e-06 5.665760999557951103e-04
5.000000000000000000e-01 5.786313764661467758e+02 1.454386868969676340e-06 5.235909366983022492e-04
5.000000000000000000e-01 5.848178515589445396e+02 1.304661374265968602e-06 4.829231398917779145e-04
5.000000000000000000e-01 5.910043266517423035e+02 1.167238579180633477e-06 4.445307849010834197e-04
5.000000000000000000e-01 5.971908017445401811e+02 1.039506508049703530e-06 4.083637843031691968e-04
5.000000000000000000e-01 6.033772768373379449e+02 9.205093415648934925e-07 3.743648809346420965e-04
5.000000000000000000e-01 6.095637519301358225e+02 8.134998150546681310e-07 3.424706184408440467e-04
5.000000000000000000e-01 6.157502270229335863e+02 7.149676657958188497e-07 3.126122816930239768e-04
5.000000000000000000e-01 6.219367021157313502e+02 6.265848602152044868e-07 2.847168004258056762e-04
5.000000000000000000e-01 6.281231772085292278e+02 5.458386231063269380e-07 2.587076104342277442e-04
5.000000000000000000e-01 6.343096523013269916e+02 4.722297722893609147e-07 2.345054676439355438e-04
5.000000000000000000e-01 6.404961273941248692e+02 4.034602307862318385e-07 2.120292113165959480e-04
5.000000000000000000e-01 6.466826024869226330e+02 3.464021845349025366e-07 1.911964735640618834e-04
5.000000000000000000e-01 6.528690775797203969e+02 2.940038699557804548e-07 1.719243332094104514e-04
5.000000000000000000e-01 6.590555526725182744e+02 2.468816912774793023e-07 1.541299128426724106e-04
5.000000000000000000e-01 6.652420277653160383e+02 2.047001140890400140e-07 1.377309186673596566e-04
5.000000000000000000e-01 6.714285028581139159e+02 1.692182688582330981e-07 1.226461234159105930e-04
5.000000000000000000e-01 6.776149779509116797e+02 1.358847193994386508e-07 1.087957932245497018e-04
5.000000000000000000e-01 6.838014530437094436e+02 1.096002751049667783e-07 9.610205989880903944e-05
5.000000000000000000e-01 6.899879281365073211e+02 8.593058091187426114e-08 8.448924046956317704e-05
5.000000000000000000e-01 6.961744032293051987e+02 6.477841421715827605e-08 7.388410633635843271e-05
5.000000000000000000e-01 7.023608783221029626e+02 4.957632347207738908e-08 6.421610462184242226e-05
5.000000000000000000e-01 7.085473534149007264e+02 3.619532315849226676e-08 5.541753462070860562e-05
5.000000000000000000e-01 7.147338285076984903e+02 2.476413978812672310e-08 4.742368242223604652e-05
5.000000000000000000e-01 7.209203036004963678e+02 1.732076493951004660e-08 4.017291692116754760e-05
5.000000000000000000e-01 7.271067786932942454e+02 1.112236213676319683e-08 3.360675051194555600e-05
5.000000000000000000e-01 7.332932537860920092e+02 6.435668976371510590e-09 2.766986779107186284e-05
5.000000000000000000e-01 7.394797288788897731e+02 3.128732325955702690e-09 2.231012557678174586e-05
5.000000000000000000e-01 7.456662039716876507e+02 3.235675713062639067e-10 1.747852749959824618e-05
5.000000000000000000e-01 7.457407780494926328e+02 0.000000000000000000e+00 0.000000000000000000e+00
9.989999999999999991e-01 1.980000000000000071e+01 3.415802763334536448e-07 2.710234738751440370e-05
9.989999999999999991e-01 2.000000000000000000e+01 3.490067995303135195e-07 2.765143853823710644e-05
9.989999999999999991e-01 2.256000970287939111e+01 4.520840000609149701e-07 3.516242998467128817e-05
9.989999999999999991e-01 2.544770188970060687e+01 5.867646258334476404e-07 4.470635217202365507e-05
9.989999999999999991e-01 2.870502007738137351e+01 7.632056582230340869e-07 5.682887946453518577e-05
9.989999999999999991e-01 3.237927657335357168e+01 9.950039974120334560e-07 7.221927628520798993e-05
9.989999999999999991e-01 3.652383968335358588e+01 1.300417918060944509e-06 9.174633461655948947e-05
9.989999999999999991e-01 4.119890888214338531e+01 1.704032557613253499e-06 1.165020825484857779e-04
9.989999999999999991e-01 4.647238920645992266e+01 2.239024777793974021e-06 1.478540797040312415e-04
9.989999999999999991e-01 5.242087757068615872e+01 2.950225810249891200e-06 1.875064840446993050e-04
9.989999999999999991e-01 5.913077533140660336e+01 3.898221813556606143e-06 2.375687021638215929e-04
9.989999999999999991e-01 6.669954326076570794e+01 5.164754909626216429e-06 3.006277403925092717e-04
9.989999999999999991e-01 7.523711715702484071e+01 6.859650487427435071e-06 3.798153772676470083e-04
9.989999999999999991e-01 8.486750465395768117e+01 9.129318966787444570e-06 4.788523727513277310e-04
9.989999999999999991e-01 9.573058642262233775e+01 1.216640608426788829e-05 6.020365924478113164e-04
9.989999999999999991e-01 1.079841479278346270e+02 1.621911753916984583e-05 7.541164756404522508e-04
9.989999999999999991e-01 1.183198712177931355e+02 2.016016372550291240e-05 8.918110072301963171e-04
9.989999999999999991e-01 1.218061712504556766e+02 2.159666787513497881e-05 9.399510875833977418e-04
9.989999999999999991e-01 1.305598578954958668e+02 2.543728257177177825e-05 1.064074931514546194e-03
9.989999999999999991e-01 1.373974202640433475e+02 2.866355382463952649e-05 1.163799243356063466e-03
9.989999999999999991e-01 1.427998445731986124e+02 3.134744866234027478e-05 1.243980410327821850e-03
9.989999999999999991e-01 1.549843567153706374e+02 3.780924904011742296e-05 1.428005635639734410e-03
9.989999999999999991e-01 1.550398312509013579e+02 3.783988717655228928e-05 1.428850473722588889e-03
9.989999999999999991e-01 1.672798179286040750e+02 4.484216706462646455e-05 1.615821719944681920e-03
9.989999999999999991e-01 1.748224295646641622e+02 4.937140829364352902e-05 1.730785529808415114e-03
9.989999999999999991e-01 1.795198046063068205e+02 5.226112245985024357e-05 1.801893036343078444e-03
9.989999999999999991e-01 1.917597912840095660e+02 5.998469108633843817e-05 1.983984589829462016e-03
9.989999999999999991e-01 1.971997853629885640e+02 6.348212886024003727e-05 2.062826861609729119e-03
9.989999999999999991e-01 2.039997779617123115e+02 6.788463113715888166e-05 2.159005353587393605e-03
9.989999999999999991e-01 2.162397646394150570e+02 7.582002945289231669e-05 2.323926786151044900e-03
9.989999999999999991e-01 2.284797513171178025e+02 8.364146845591683354e-05 2.475859758619337880e-03
9.989999999999999991e-01 2.407197379948205196e+02 9.119568025462388100e-05 2.612131473162188425e-03
9.989999999999999991e-01 2.529597246725232367e+02 9.833048632569796289e-05 2.730358956970958643e-03
9.989999999999999991e-01 2.651997113502259822e+02 1.048998023346018059e-04 2.828515762753484701e-03
9.989999999999999991e-01 2.774396980279287277e+02 1.107684813369759947e-04 2.904988757788629864e-03
9.989999999999999991e-01 2.896796847056314732e+02 1.158167753256856425e-04 2.958622322378780516e-03
9.989999999999999991e-01 3.019196713833342187e+02 1.199442144518988952e-04 2.988747876472687762e-03
9.989999999999999991e-01 3.141596580610369642e+02 1.230727339800011570e-04 2.994824740765498951e-03
9.989999999999999991e-01 3.263996447387397097e+02 1.251489190871613597e-04 2.976018483999767761e-03
9.989999999999999991e-01 3.386396314164424552e+02 1.261452843295888507e-04 2.934978917684613175e-03
9.989999999999999991e-01 3.508796180941451439e+02 1.260605549081232721e-04 2.872907172784584882e-03
9.989999999999999991e-01 3.631196047718478894e+02 1.249189675505488076e-04 2.791404571596492294e-03
9.989999999999999991e-01 3.753595914495506349e+02 1.227686567407333977e-04 2.692412982777269651e-03
9.989999999999999991e-01 3.875995781272533804e+02 1.196792343270493996e-04 2.578146433062899687e-03
9.989999999999999991e-01 3.998395648049561260e+02 1.157387048990428721e-04 2.451017110776230849e-03
9.989999999999999991e-01 4.120795514826588715e+02 1.110498840458579894e-04 2.313558985352081460e-03
9.989999999999999991e-01 4.243195381603616170e+02 1.057265007531870955e-04 2.168352185071925359e-03
9.989999999999999991e-01 4.365595248380643625e+02 9.988916857000969512e-05 2.017951037076859411e-03
9.989999999999999991e-01 4.487995115157671080e+02 9.366140332001452167e-05 1.864818303496726306e-03
9.989999999999999991e-01 4.610394981934697967e+02 8.716584921860024934e-05 1.711267675822701444e-03
9.989999999999999991e-01 4.732794848711725422e+02 8.052085196044142567e-05 1.559416051140341195e-03
9.989999999999999991e-01 4.811674762856920893e+02 7.621159484753131858e-05 1.463346500486238091e-03
9.989999999999999991e-01 4.877111525676520500e+02 7.264466751932568045e-05 1.385104416248307156e-03
9.989999999999999991e-01 4.942548288496119540e+02 6.910080292910423920e-05 1.308429751101582031e-03
9.989999999999999991e-01 5.007985051315719147e+02 6.559384279730916245e-05 1.233530971711166869e-03
9.989999999999999991e-01 5.073421814135318186e+02 6.213660040078810361e-05 1.160593679722615127e-03
9.989999999999999991e-01 5.138858576954917226e+02 5.874081741399987374e-05 1.089780626067609042e-03
9.989999999999999991e-01 5.204295339774516833e+02 5.541713757850805607e-05 1.021231938453221865e-03
9.989999999999999991e-01 5.269732102594116441e+02 5.217507914678978364e-05 9.550655456232814240e-04
9.989999999999999991e-01 5.335168865413716048e+02 4.902306099223448487e-05 8.913777805355969312e-04
9.989999999999999991e-01 5.400605628233314519e+02 4.596833010096931603e-05 8.302441435126377018e-04
9.989999999999999991e-01 5.466042391052914127e+02 4.301724705899917934e-05 7.717202056887231517e-04
9.989999999999999991e-01 5.531479153872513734e+02 4.017448915626548609e-05 7.158426326812724521e-04
9.989999999999999991e-01 5.596915916692113342e+02 3.744426329428120307e-05 6.626303083389781462e-04
9.989999999999999991e-01 5.662352679511711813e+02 3.483041309531237562e-05 6.120855386437122668e-04
9.989999999999999991e-01 5.727789442331311420e+02 3.233340180531806593e-05 5.641953163392467640e-04
9.989999999999999991e-01 5.793226205150911028e+02 2.995606254132883149e-05 5.189326275995370620e-04
9.989999999999999991e-01 5.858662967970510635e+02 2.769660778349216515e-05 4.762577830011841852e-04
9.989999999999999991e-01 5.924099730790110243e+02 2.555751206536229010e-05 4.361197561964086085e-04
9.989999999999999991e-01 5.989536493609708714e+02 2.353697357457887860e-05 3.984575149612222750e-04
9.989999999999999991e-01 6.054973256429308321e+02 2.162658270002882209e-05 3.632013306857934803e-04
9.989999999999999991e-01 6.120410019248907929e+02 1.983379973869356779e-05 3.302740538478213597e-04
9.989999999999999991e-01 6.185846782068507537e+02 1.814642906317419962e-05 2.995923445344708322e-04
9.989999999999999991e-01 6.251283544888106007e+02 1.655602304332243010e-05 2.710678486248090948e-04
9.989999999999999991e-01 6.316720307707705615e+02 1.509903815619087772e-05 2.446083117860223472e-04
9.989999999999999991e-01 6.382157070527305223e+02 1.372040923838907761e-05 2.201186249486050412e-04
9.989999999999999991e-01 6.447593833346904830e+02 1.244867404891596683e-05 1.975017963866596807e-04
9.989999999999999991e-01 6.513030596166504438e+02 1.123969415648154301e-05 1.766598469208970643e-04
9.989999999999999991e-01 6.578467358986104045e+02 1.012685844669767458e-05 1.574946260681942152e-04
9.989999999999999991e-01 6.643904121805702516e+02 9.115135278665668420e-06 1.399085481701978489e-04
9.989999999999999991e-01 6.709340884625302124e+02 8.138623137843824240e-06 1.238052486347749844e-04
9.989999999999999991e-01 6.774777647444901731e+02 7.281344819764870025e-06 1.090901614114785442e-04
9.989999999999999991e-01 6.840214410264500202e+02 6.467529293466433702e-06 9.567101969148879531e-05
9.989999999999999991e-01 6.905651173084099810e+02 5.687484474442775860e-06 8.345828257228243981e-05
9.989999999999999991e-01 6.971087935903699417e+02 5.034316969658714078e-06 7.236549105824224869e-05
9.989999999999999991e-01 7.036524698723299025e+02 4.402289710196494196e-06 6.230955728333119228e-05
9.989999999999999991e-01 7.101961461542898633e+02 3.790486852111702594e-06 5.321099124530990099e-05
9.989999999999999991e-01 7.167398224362497103e+02 3.305751609430259999e-06 4.499406963873260921e-05
9.989999999999999991e-01 7.232834987182096711e+02 2.794150478904552840e-06 3.758695157324343542e-05
9.989999999999999991e-01 7.298271750001696319e+02 2.367507507020255110e-06 3.092174607259431322e-05
9.989999999999999991e-01 7.363708512821295926e+02 1.865116231663752859e-06 2.493453627701328071e-05
9.989999999999999991e-01 7.429145275640894397e+02 1.571352912957183415e-06 1.956536522621406870e-05
9.989999999999999991e-01 7.494582038460494005e+02 1.136288223650928070e-06 1.475818799175971884e-05
9.989999999999999991e-01 7.560018801280093612e+02 9.184802869266923013e-07 1.046079476498931239e-05
9.989999999999999991e-01 7.625455564099693220e+02 6.117315209370526383e-07 6.624709299408233701e-06
9.989999999999999991e-01 7.690892326919292827e+02 2.870999166542119150e-07 3.205066863110994134e-06
9.989999999999999991e-01 7.756329089738892435e+02 1.193285334260788105e-08 1.604755857615933862e-07
9.989999999999999991e-01 7.821765852558490906e+02 0.000000000000000000e+00 0.000000000000000000e+00
9.989999999999999991e-01 7.887202615378090513e+02 0.000000000000000000e+00 0.000000000000000000e+00
9.989999999999999991e-01 7.887991414519542559e+02 0.000000000000000000e+00 0.000000000000000000e+00
